2 0.812665 0.279638 0.063161 0.047371
1 0.752149 0.346602 0.068452 0.044395
0 0.850198 0.351935 0.039683 0.025794
2 0.576058 0.524430 0.034392 0.021081
2 0.775794 0.582341 0.054894 0.034722
0 0.571263 0.596230 0.059854 0.048115
1 0.414517 0.619296 0.061177 0.064484
0 0.757440 0.614707 0.034722 0.029018
0 0.816468 0.593502 0.028439 0.017361
2 0.561012 0.630828 0.074405 0.057788
0 0.805886 0.345982 0.042328 0.031746
0 0.767196 0.301091 0.035053 0.025298
0 0.778108 0.653274 0.027778 0.014881
0 0.181052 0.478795 0.033399 0.020585
