1 0.7921130952380953 0.3140128968253968 0.06090608465608466 0.040230654761904766
2 0.6945337301587301 0.4606845238095238 0.03709325396825397 0.03743551587301587
0 0.7302876984126984 0.47521081349206346 0.035591931216931216 0.03296626984126984
1 0.22560515873015874 0.5464508928571429 0.07964285714285714 0.05028769841269841
0 0.76119708994709 0.5551116071428571 0.06313822751322752 0.03743551587301587
0 0.5980324074074074 0.5967385912698413 0.03779100529100529 0.02570188492063492
2 0.6833564814814814 0.6056770833333334 0.09221891534391534 0.0849280753968254
0 0.5362136243386243 0.6129414682539683 0.01994047619047619 0.022348710317460316
0 0.45241402116402113 0.6663020833333334 0.04603835978835979 0.04190476190476191
1 0.14983796296296298 0.8608581349206349 0.05929563492063492 0.041299603174603176
0 0.6397850529100529 0.9004141865079365 0.05573743386243386 0.04078869047619048
0 0.4638128306878307 0.9302579365079365 0.05089285714285714 0.03085565476190476
0 0.898994708994709 0.9590823412698413 0.040740740740740744 0.02290922619047619
0 0.9619345238095238 0.9919742063492063 0.03550595238095238 0.016051587301587303
0 0.6025330687830688 0.18550347222222224 0.030396825396825398 0.046934523809523815
