2 0.6888822751322751 0.3253769841269841 0.03460978835978836 0.040012400793650794
0 0.7215972222222222 0.3382118055555556 0.03685515873015873 0.039255952380952384
0 0.7666236772486772 0.4227628968253968 0.06125 0.0415203373015873
1 0.2283035714285714 0.4242435515873016 0.0756712962962963 0.048345734126984126
0 0.5993121693121692 0.46409474206349205 0.03363756613756614 0.02529017857142857
2 0.6825859788359788 0.4646626984126984 0.09248015873015873 0.08379712301587301
0 0.5356613756613756 0.4810813492063492 0.023095238095238096 0.021515376984126984
0 0.45992724867724866 0.5360044642857144 0.04677248677248677 0.04227678571428572
0 0.17183201058201059 0.7463343253968253 0.06066468253968254 0.03850446428571429
0 0.6641633597883598 0.7675099206349206 0.05620370370370371 0.03978670634920635
0 0.981031746031746 0.8730753968253968 0.037936507936507935 0.05326388888888889
1 0.7741468253968254 0.17827876984126986 0.05860119047619048 0.04351190476190476
