1 0.7032738095238095 0.3108010912698413 0.05388558201058201 0.04029513888888889
2 0.6706746031746031 0.42442956349206346 0.08578703703703704 0.060173611111111115
0 0.5295899470899471 0.4255059523809524 0.017294973544973544 0.01934027777777778
0 0.5066732804232804 0.44162202380952376 0.028746693121693125 0.0365327380952381
0 0.6274570105820106 0.4752480158730159 0.012900132275132275 0.012862103174603174
0 0.552146164021164 0.47546875 0.037843915343915346 0.04727926587301587
0 0.6607738095238096 0.5027901785714286 0.01353505291005291 0.01941220238095238
0 0.7282275132275132 0.548531746031746 0.04374669312169312 0.03373015873015873
2 0.49072751322751323 0.5658531746031746 0.06261243386243387 0.053040674603174603
0 0.4514616402116402 0.58765625 0.03709986772486772 0.03391617063492063
0 0.5337268518518519 0.6083110119047619 0.018776455026455027 0.016574900793650794
0 0.4618915343915344 0.6358382936507936 0.06243716931216931 0.028474702380952382
1 0.3934821428571429 0.6490029761904762 0.06865410052910054 0.03545882936507937
0 0.4820634920634921 0.687889384920635 0.02599537037037037 0.018380456349206348
0 0.7407506613756615 0.9677554563492063 0.03510251322751323 0.038936011904761904
