2 0.43166335978835974 0.2713219246031746 0.06866732804232804 0.06672867063492063
0 0.3943320105820106 0.29996527777777776 0.04293320105820106 0.04091765873015873
0 0.40734126984126984 0.35441964285714284 0.06727513227513228 0.03273561507936508
0 0.33599537037037036 0.36921130952380954 0.06702380952380953 0.0333655753968254
2 0.6393683862433862 0.049102182539682536 0.057681878306878306 0.05287946428571429
1 0.7665079365079366 0.7639186507936507 0.0467228835978836 0.038400297619047626
2 0.48369708994709 0.7953968253968254 0.06361441798941798 0.056026785714285716
1 0.7702943121693121 0.8032638888888889 0.04642857142857143 0.031475694444444445
0 0.4001951058201058 0.8312772817460318 0.057771164021164015 0.024551091269841268
0 0.7602215608465608 0.8422941468253968 0.051458333333333335 0.03525297619047619
0 0.41808531746031746 0.8625793650793651 0.03296957671957672 0.018258928571428572
1 0.3754398148148148 0.9888194444444445 0.04519179894179894 0.022358630952380953
0 0.4367030423280423 0.1476215277777778 0.028382936507936506 0.034623015873015875
2 0.6175462962962963 0.1507688492063492 0.09125661375661374 0.0711359126984127
0 0.49083002645502644 0.1816170634920635 0.03927248677248677 0.056026785714285716
