2 0.4504232804232804 0.3219295634920635 0.06607142857142857 0.061173115079365084
0 0.3612268518518518 0.35213541666666665 0.06916335978835979 0.034409722222222223
1 0.7338128306878308 0.398015873015873 0.055773809523809524 0.0374702380952381
1 0.7388690476190477 0.4417410714285714 0.06018518518518518 0.03946924603174603
0 0.7432506613756614 0.4846651785714286 0.034755291005291004 0.029273313492063493
0 0.46799272486772486 0.5343328373015873 0.026835317460317462 0.01699156746031746
1 0.3479761904761905 0.5348933531746032 0.05081679894179894 0.04970486111111111
0 0.48881613756613757 0.5469618055555555 0.033171296296296296 0.03306547619047619
0 0.4050628306878307 0.5589806547619047 0.040605158730158734 0.02905753968253968
2 0.5460482804232805 0.5664806547619048 0.08129298941798942 0.04913938492063492
2 0.37891534391534387 0.5811755952380953 0.0360515873015873 0.036279761904761905
2 0.5506514550264551 0.6094196428571428 0.07115079365079365 0.04959821428571428
