0 0.8125562169312169 0.5440500992063493 0.029818121693121695 0.017884424603174603
1 0.7135747354497354 0.05791170634920635 0.0582010582010582 0.044853670634920635
0 0.6465707671957672 0.6154464285714286 0.0332010582010582 0.03633680555555555
2 0.6104298941798942 0.6266592261904762 0.05175925925925926 0.04967757936507937
1 0.7237929894179894 0.11028521825396825 0.05744047619047619 0.04967757936507937
1 0.3137037037037037 0.12267609126984128 0.05227513227513228 0.05510912698412698
0 0.4390046296296296 0.12362103174603174 0.023042328042328045 0.02529017857142857
0 0.4616468253968254 0.13758680555555555 0.032093253968253965 0.035104166666666665
0 0.37576719576719575 0.15102182539682538 0.04041997354497354 0.027819940476190477
1 0.7228472222222222 0.15329365079365082 0.04873677248677249 0.0346329365079365
2 0.5240376984126984 0.155515873015873 0.08239087301587301 0.05209077380952381
2 0.5338525132275131 0.20515376984126982 0.07282407407407407 0.04265376984126984
0 0.6259722222222223 0.20921626984126981 0.029851190476190476 0.02441220238095238
