0 0.26306878306878306 0.2762301587301587 0.030949074074074077 0.019506448412698413
1 0.34814814814814815 0.2825421626984127 0.03588955026455026 0.0235218253968254
0 0.2850562169312169 0.3106522817460317 0.025205026455026456 0.030979662698412697
1 0.4317063492063492 0.035282738095238096 0.045433201058201055 0.061959325396825395
0 0.8495271164021163 0.5597767857142857 0.015945767195767194 0.008891369047619047
0 0.7929332010582011 0.5917584325396825 0.028968253968253966 0.0235218253968254
0 0.7455158730158731 0.5987872023809524 0.016749338624338625 0.013482142857142857
0 0.6435912698412698 0.626468253968254 0.023250661375661376 0.011473214285714285
1 0.653720238095238 0.6670560515873016 0.0595734126984127 0.030119047619047618
0 0.6529464285714286 0.7100818452380953 0.018247354497354498 0.013482142857142857
1 0.3628769841269841 0.07156746031746032 0.042397486772486774 0.050771329365079367
0 0.6376488095238095 0.724280753968254 0.013664021164021165 0.008606150793650794
0 0.6871693121693122 0.7423511904761905 0.015558862433862434 0.01376736111111111
2 0.6294212962962963 0.7478025793650793 0.07829034391534391 0.04302579365079365
1 0.5705390211640211 0.7663045634920634 0.04236772486772487 0.02839781746031746
0 0.6041898148148148 0.7711805555555555 0.027060185185185184 0.018645833333333334
2 0.4844973544973545 0.7848040674603174 0.06763888888888889 0.04015873015873016
2 0.5640376984126985 0.7915451388888889 0.059196428571428567 0.03585565476190476
0 0.55505291005291 0.8005828373015873 0.024401455026455028 0.022373511904761903
0 0.5292427248677248 0.8093303571428571 0.019441137566137565 0.019791666666666666
0 0.4806547619047619 0.08175099206349207 0.017116402116402116 0.029831349206349205
0 0.5496957671957672 0.09723958333333334 0.019808201058201056 0.01090029761904762
0 0.5894444444444444 0.10441220238095238 0.013634259259259257 0.010327380952380952
1 0.36096560846560843 0.12606894841269842 0.04240079365079365 0.030691964285714284
0 0.3003571428571428 0.1323784722222222 0.03439153439153439 0.019791666666666666
0 0.28277116402116403 0.15030505952380951 0.025221560846560846 0.018931051587301587
