2 0.35836640211640214 0.24821180555555555 0.09727843915343916 0.0795138888888889
0 0.4831283068783069 0.26506200396825397 0.03290013227513228 0.039499007936507936
0 0.5006779100529101 0.28221478174603176 0.03290674603174603 0.04608382936507936
0 0.5464153439153439 0.2937326388888889 0.05417989417989418 0.07267113095238095
2 0.26590277777777777 0.40178323412698413 0.057708333333333334 0.032720734126984126
2 0.23503968253968255 0.4406671626984127 0.058409391534391536 0.03654513888888889
1 0.749103835978836 0.46552579365079366 0.05033730158730159 0.037869543650793654
2 0.2404100529100529 0.49803323412698414 0.059983465608465604 0.030595238095238095
0 0.29451719576719576 0.5233184523809524 0.033505291005291 0.025922619047619045
0 0.7942989417989418 0.5327901785714286 0.05307208994708995 0.027371031746031747
1 0.23332671957671958 0.5356423611111111 0.07868055555555556 0.04206845238095238
0 0.6978902116402117 0.5553224206349207 0.029517195767195768 0.014866071428571428
0 0.30131613756613757 0.581748511904762 0.051636904761904766 0.031445932539682545
2 0.7222619047619048 0.6042708333333333 0.09447751322751323 0.04504464285714286
0 0.30980820105820106 0.6076686507936507 0.024269179894179895 0.02464781746031746
0 0.3412533068783069 0.6129811507936508 0.026160714285714287 0.025071924603174603
0 0.6330291005291006 0.6223313492063491 0.020267857142857143 0.025922619047619045
0 0.3743948412698413 0.6429389880952381 0.058462301587301584 0.031445932539682545
0 0.39535383597883594 0.6582390873015873 0.029011243386243387 0.014446924603174604
0 0.593938492063492 0.6841592261904762 0.031851851851851846 0.023797123015873018
0 0.5520205026455026 0.6939335317460318 0.04542989417989418 0.047594246031746036
2 0.08829034391534392 0.772547123015873 0.05377314814814815 0.03909474206349206
0 0.17591269841269844 0.008735119047619047 0.03200066137566138 0.017470238095238094
1 0.7940013227513227 0.9163839285714286 0.06268849206349206 0.040674603174603176
2 0.8201058201058201 0.949563492063492 0.06859457671957672 0.042814980158730157
1 0.7547685185185186 0.14777777777777779 0.03291005291005291 0.015592757936507936
0 0.6004001322751322 0.17529761904761904 0.034973544973544976 0.031066468253968256
1 0.754540343915344 0.1848511904761905 0.08602843915343915 0.05231894841269841
0 0.30179232804232803 0.20496279761904762 0.041435185185185186 0.03062251984126984
0 0.6921825396825396 0.2162078373015873 0.05182539682539682 0.034647817460317455
0 0.45470238095238097 0.2471354166666667 0.04352843915343915 0.05157738095238095
