2 0.7122916666666665 0.2514335317460317 0.053521825396825394 0.029055059523809525
0 0.1521031746031746 0.27126984126984127 0.0305787037037037 0.02290922619047619
2 0.7324140211640212 0.2813268849206349 0.05448743386243387 0.032408234126984126
0 0.38358134920634923 0.036039186507936506 0.04499007936507937 0.029055059523809525
0 0.5990839947089948 0.03813492063492063 0.01570436507936508 0.011453373015873016
2 0.6376223544973545 0.4084424603174603 0.05541335978835979 0.04078869047619048
0 0.5944113756613757 0.4278571428571428 0.015929232804232803 0.01648313492063492
0 0.47970568783068784 0.44140625 0.024166666666666666 0.021232638888888888
0 0.5031712962962963 0.441686507936508 0.02351521164021164 0.02737847222222222
0 0.5553075396825397 0.4528621031746032 0.028604497354497355 0.03184771825396825
0 0.40109126984126986 0.05112599206349206 0.016841931216931217 0.013968253968253968
0 0.562936507936508 0.06593253968253968 0.019460978835978835 0.01899801587301587
1 0.526061507936508 0.07082093253968254 0.03716269841269841 0.032686011904761905
0 0.15619378306878307 0.09079613095238094 0.02230489417989418 0.014526289682539682
2 0.2961541005291006 0.9816344246031745 0.06413029100529101 0.036728670634920635
2 0.664808201058201 0.011175595238095238 0.07253306878306878 0.022348710317460316
0 0.33144510582010583 0.016344246031746033 0.024153439153439156 0.020952380952380955
0 0.35639880952380953 0.01718253968253968 0.01967261904761905 0.02374751984126984
0 0.5949603174603175 0.018578869047619045 0.020750661375661377 0.02039434523809524
0 0.14371693121693122 0.19709573412698414 0.0383234126984127 0.027098214285714288
2 0.13179563492063492 0.23453373015873016 0.052480158730158724 0.04553819444444445
