0 0.34815806878306876 0.027594246031746032 0.028581349206349208 0.027743055555555556
0 0.5609755291005292 0.35269097222222223 0.041891534391534396 0.032336309523809524
2 0.7372387566137566 0.3911780753968254 0.06628637566137566 0.04292410714285714
0 0.4488161375661376 0.4070610119047619 0.01826388888888889 0.015166170634920635
0 0.5501025132275132 0.4368204365079365 0.030066137566137567 0.032336309523809524
0 0.1513888888888889 0.438546626984127 0.025747354497354498 0.028328373015873015
0 0.5268452380952381 0.5152281746031746 0.03315476190476191 0.030620039682539683
2 0.6525396825396825 0.5356894841269841 0.07011243386243386 0.04406746031746032
2 0.5943617724867725 0.5479935515873017 0.08500992063492063 0.06181051587301587
0 0.39877976190476194 0.6260565476190477 0.02611772486772487 0.013464781746031745
0 0.3851289682539683 0.641624503968254 0.060896164021164025 0.033377976190476194
0 0.30733796296296295 0.6632217261904763 0.03845568783068783 0.04010912698412698
0 0.40101521164021164 0.6650446428571428 0.02085978835978836 0.012901785714285715
0 0.37166005291005294 0.6842584325396825 0.04068783068783069 0.028328373015873015
0 0.31164682539682537 0.698142361111111 0.03510251322751323 0.03365823412698413
0 0.2759391534391535 0.698844246031746 0.021279761904761902 0.023841765873015872
0 0.3386177248677249 0.10844990079365079 0.02228174603174603 0.018645833333333334
1 0.019603174603174605 0.13051339285714286 0.03889880952380952 0.029211309523809525
0 0.2586474867724868 0.18256448412698414 0.022275132275132274 0.02703621031746032
1 0.04777116402116403 0.18707093253968254 0.07037037037037037 0.050962301587301584
0 0.5325396825396825 0.19988095238095238 0.032331349206349204 0.02775793650793651
0 0.43621693121693117 0.20331597222222222 0.019778439153439156 0.015739087301587303
0 0.5588624338624338 0.21476190476190476 0.02164021164021164 0.020890376984126983
0 0.2232308201058201 0.22062996031746032 0.023531746031746032 0.022996031746031747
0 0.10993055555555556 0.2224950396825397 0.016531084656084657 0.012430555555555554
0 0.15425595238095238 0.22420386904761905 0.03308531746031746 0.019575892857142858
0 0.19485449735449736 0.22544642857142858 0.023955026455026455 0.03200644841269842
