0 0.6895965608465608 0.4426860119047619 0.06224537037037037 0.026054067460317458
2 0.651332671957672 0.4709474206349206 0.07049933862433862 0.04194940476190476
0 0.6489814814814815 0.49435267857142856 0.031650132275132276 0.015456349206349206
0 0.6492757936507937 0.5135615079365079 0.020462962962962964 0.01589781746031746
0 0.36257275132275135 0.5186383928571429 0.04054232804232804 0.02163690476190476
0 0.6366170634920635 0.5336532738095239 0.0446031746031746 0.028702876984126983
0 0.4229298941798942 0.544250992063492 0.05410383597883598 0.04548363095238095
0 0.4173181216931217 0.603201884920635 0.026395502645502642 0.022078373015873017
0 0.09116402116402117 0.660828373015873 0.047648809523809524 0.029585813492063493
0 0.41523148148148153 0.6886483134920636 0.021038359788359787 0.017222222222222222
0 0.1367857142857143 0.7354563492063493 0.06470238095238096 0.05696428571428572
0 0.3416501322751323 0.7575372023809523 0.020142195767195767 0.026937003968253968
0 0.6018981481481481 0.7621502976190475 0.027443783068783065 0.027544642857142858
0 0.5096858465608466 0.764967757936508 0.01746362433862434 0.01251984126984127
0 0.23686177248677248 0.773874007936508 0.026990740740740742 0.025171130952380952
0 0.27895833333333336 0.7749776785714286 0.021884920634920636 0.02737847222222222
0 0.30750661375661376 0.775639880952381 0.018951719576719577 0.02163690476190476
0 0.626521164021164 0.7784275793650793 0.020132275132275133 0.021284722222222222
2 0.8053373015873017 0.9070684523809525 0.0637334656084656 0.044446924603174606
0 0.6411243386243386 0.9306994047619047 0.04329365079365079 0.036622023809523806
0 0.24133597883597882 0.9804662698412698 0.026633597883597884 0.02347470238095238
