0 0.7028703703703704 0.25180555555555556 0.02221230158730159 0.020166170634920634
0 0.5780257936507937 0.26354662698412695 0.014662698412698414 0.01326140873015873
0 0.7581283068783069 0.27777281746031746 0.04410383597883598 0.038400297619047626
0 0.2688723544973545 0.28417162698412696 0.01745701058201058 0.011073908730158729
0 0.26103835978835976 0.3141145833333333 0.030112433862433865 0.022145337301587305
2 0.5179861111111111 0.3154811507936508 0.06770502645502646 0.06574900793650794
0 0.3917824074074074 0.32620535714285714 0.029460978835978837 0.029151785714285717
0 0.32053571428571426 0.3368253968253968 0.03159722222222222 0.03050843253968254
1 0.8776421957671957 0.4128621031746032 0.05254960317460317 0.03066468253968254
0 0.789077380952381 0.4338566468253968 0.026438492063492063 0.020166170634920634
0 0.47412037037037036 0.4797420634920635 0.0604563492063492 0.03470486111111111
2 0.23330026455026456 0.5228968253968255 0.060165343915343915 0.038462301587301594
0 0.556848544973545 0.5392460317460317 0.02535383597883598 0.027073412698412697
2 0.45326058201058206 0.5566046626984127 0.05353505291005291 0.05358630952380952
0 0.25577050264550266 0.630719246031746 0.02616732804232804 0.024201388888888887
0 0.40817791005291004 0.719201388888889 0.025595238095238098 0.029603174603174603
2 0.4351058201058201 0.7315178571428571 0.044308862433862437 0.028306051587301585
0 0.6021428571428572 0.21381944444444445 0.04963955026455027 0.02873015873015873
0 0.688505291005291 0.23150049603174602 0.01904100529100529 0.025414186507936507
0 0.6357738095238095 0.24134424603174603 0.024837962962962964 0.03677827380952381
0 0.6028869047619048 0.24476190476190476 0.03653769841269841 0.03867559523809524
