0 0.7296164021164021 0.24865079365079365 0.02273809523809524 0.010987103174603174
0 0.7368287037037037 0.26758928571428575 0.037050264550264556 0.022807539682539683
0 0.7336474867724868 0.29490575396825397 0.03634259259259259 0.018033234126984127
2 0.73682208994709 0.3234151785714286 0.09432208994708996 0.04694196428571429
2 0.7097949735449736 0.363859126984127 0.07784060846560846 0.04985863095238095
0 0.6739153439153439 0.38548859126984125 0.019695767195767197 0.017041170634920635
0 0.5399537037037037 0.3922470238095238 0.022658730158730156 0.026443452380952383
0 0.5012698412698412 0.547547123015873 0.019791666666666666 0.009769345238095238
0 0.3600462962962963 0.5762202380952381 0.028528439153439153 0.03249751984126984
0 0.3187003968253968 0.5772767857142856 0.024933862433862437 0.028107638888888887
0 0.5169378306878307 0.584298115079365 0.05710648148148148 0.0459375
0 0.473260582010582 0.5863963293650793 0.026044973544973548 0.028906249999999998
0 0.3871792328042328 0.5871676587301587 0.02580357142857143 0.018129960317460315
2 0.4349503968253968 0.5928968253968254 0.057420634920634914 0.06174355158730158
0 0.5064550264550265 0.0772296626984127 0.03156084656084656 0.014980158730158729
0 0.4877116402116402 0.1001140873015873 0.05012566137566138 0.03633184523809524
1 0.3959689153439154 0.12292162698412698 0.05122023809523809 0.03527281746031746
0 0.35000992063492065 0.13299851190476192 0.02578373015873016 0.017237103174603176
0 0.45430224867724867 0.1428125 0.028574735449735447 0.026785714285714284
