0 0.6026157407407408 0.029523809523809525 0.013217592592592592 0.012584325396825398
0 0.7195601851851852 0.03140625 0.02548941798941799 0.025910218253968255
1 0.25240079365079365 0.3543353174603175 0.053607804232804236 0.02900297619047619
0 0.6252050264550264 0.38862847222222224 0.01621362433862434 0.020734126984126983
0 0.6769080687830688 0.3964905753968254 0.023935185185185184 0.022767857142857142
2 0.2706382275132275 0.40591269841269845 0.07621362433862434 0.03858134920634921
0 0.5713425925925926 0.41507936507936505 0.027341269841269843 0.027904265873015876
0 0.6977149470899471 0.4332837301587302 0.02185185185185185 0.011135912698412699
0 0.7242228835978837 0.43999751984126984 0.020664682539682542 0.012194940476190477
0 0.7387169312169313 0.44697916666666665 0.01962962962962963 0.019441964285714285
2 0.647337962962963 0.04691220238095238 0.03912037037037037 0.03415426587301588
0 0.7274074074074074 0.4871006944444444 0.022453703703703705 0.01413938492063492
1 0.3379365079365079 0.4921006944444445 0.04518518518518518 0.04131696428571428
0 0.7490509259259259 0.5337921626984127 0.024441137566137566 0.012884424603174604
0 0.30917328042328046 0.7217361111111111 0.023111772486772486 0.024836309523809524
0 0.6111243386243386 0.8138764880952382 0.030942460317460316 0.024340277777777777
1 0.6472123015873016 0.8446750992063492 0.03953703703703704 0.03924107142857143
1 0.6644345238095238 0.8742286706349206 0.05184854497354497 0.031790674603174605
0 0.5292890211640211 0.09669146825396825 0.017258597883597883 0.014179067460317461
0 0.6319708994708995 0.9926736111111111 0.04999669312169312 0.014652777777777777
2 0.5591600529100529 0.13190228174603175 0.03548941798941799 0.04239831349206349
2 0.6112301587301587 0.1328844246031746 0.0339021164021164 0.03729414682539683
0 0.5142096560846561 0.1674355158730159 0.013644179894179893 0.011463293650793651
0 0.676683201058201 0.183125 0.019206349206349206 0.015084325396825396
1 0.48694113756613755 0.2007986111111111 0.03761243386243386 0.02316220238095238
0 0.4774007936507937 0.23079117063492063 0.01886574074074074 0.009050099206349208
