0 0.6039583333333333 0.0272296626984127 0.028224206349206346 0.020039682539682538
0 0.3650529100529101 0.3002455357142857 0.04206679894179894 0.039843750000000004
0 0.3593849206349206 0.32877480158730155 0.023816137566137565 0.0205109126984127
0 0.385787037037037 0.328891369047619 0.01375 0.016031746031746032
2 0.7675496031746032 0.3463764880952381 0.024794973544973547 0.01867311507936508
2 0.28615079365079366 0.3639037698412698 0.059672619047619044 0.03418650793650794
2 0.7721660052910053 0.3685143849206349 0.041256613756613755 0.02560267857142857
0 0.7458664021164021 0.3783035714285714 0.03283399470899471 0.021686507936507934
0 0.276359126984127 0.38559771825396827 0.045783730158730156 0.021319444444444443
0 0.4203703703703704 0.38749007936507934 0.01716600529100529 0.011143353174603174
0 0.7611276455026456 0.40872519841269844 0.020783730158730158 0.010843253968253967
0 0.7099338624338625 0.43523065476190476 0.01558201058201058 0.015059523809523809
0 0.6922652116402116 0.46038194444444447 0.02121031746031746 0.02620535714285714
0 0.5727744708994709 0.4606820436507937 0.014351851851851852 0.01355406746031746
2 0.6147321428571428 0.4822172619047619 0.03882936507936508 0.0325297619047619
0 0.48903108465608464 0.5260416666666666 0.01794312169312169 0.015362103174603174
2 0.5647420634920635 0.5581200396825398 0.03684193121693122 0.03915674603174603
2 0.5121428571428571 0.5585714285714285 0.036861772486772484 0.03584325396825397
0 0.46375992063492066 0.5901959325396826 0.01318452380952381 0.008735119047619047
2 0.7666269841269842 0.06011904761904762 0.02601190476190476 0.02027529761904762
0 0.6223611111111111 0.60375 0.023564814814814816 0.015362103174603174
0 0.43203703703703705 0.6221230158730159 0.034074074074074076 0.019578373015873014
0 0.4167791005291005 0.6480257936507937 0.02123015873015873 0.009337797619047619
0 0.17481150793650793 0.7230257936507936 0.055353835978835975 0.03764880952380953
2 0.17742063492063492 0.7909449404761905 0.07502645502645502 0.04337301587301587
0 0.5380390211640211 0.8067584325396825 0.01716931216931217 0.017770337301587304
0 0.588829365079365 0.8150421626984127 0.028792989417989415 0.02349454365079365
0 0.47178902116402116 0.8329613095238095 0.013981481481481482 0.024999999999999998
0 0.48142857142857143 0.8385342261904761 0.022962962962962963 0.025300099206349208
0 0.5041104497354497 0.8401909722222223 0.014368386243386244 0.01716765873015873
0 0.21697420634920636 0.8453125 0.027232142857142854 0.015362103174603174
0 0.6033035714285715 0.8529910714285714 0.028019179894179895 0.03072172619047619
0 0.6456646825396826 0.8576612103174603 0.01957010582010582 0.014759424603174602
0 0.6283994708994709 0.8591666666666666 0.024394841269841268 0.01355406746031746
1 0.23022156084656087 0.8883829365079365 0.05453042328042328 0.037046130952380955
0 0.6414484126984127 0.9379290674603175 0.02238425925925926 0.015059523809523809
0 0.7986871693121693 0.12012152777777778 0.022857142857142857 0.019097222222222224
2 0.7463558201058201 0.13839285714285715 0.03953373015873016 0.041495535714285714
0 0.3592493386243386 0.18884672619047618 0.019771825396825395 0.015089285714285715
0 0.618723544973545 0.19037946428571428 0.033234126984126984 0.017683531746031746
2 0.565760582010582 0.19945684523809526 0.04614087301587302 0.027819940476190477
0 0.5395205026455027 0.22150049603174604 0.020694444444444442 0.024754464285714286
