1 0.6414318783068783 0.2503025793650794 0.028981481481481483 0.022953869047619046
0 0.5746395502645503 0.258891369047619 0.014990079365079364 0.009816468253968253
0 0.5437268518518519 0.2833085317460317 0.01728835978835979 0.012023809523809523
0 0.8202017195767196 0.30303571428571424 0.04793981481481482 0.024987599206349208
0 0.5445767195767196 0.35569940476190476 0.023614417989417987 0.010009920634920635
2 0.4771957671957672 0.37581597222222224 0.037533068783068786 0.03166914682539682
0 0.5136044973544974 0.39804315476190477 0.026676587301587302 0.027311507936507936
0 0.5550595238095238 0.4047247023809524 0.024361772486772487 0.013365575396825397
0 0.7802943121693122 0.406031746031746 0.037083333333333336 0.021790674603174603
0 0.7795205026455027 0.4301488095238095 0.024689153439153438 0.017142857142857144
0 0.29658068783068786 0.4591517857142857 0.037724867724867724 0.01623263888888889
0 0.3392096560846561 0.5023065476190476 0.030529100529100527 0.012594246031746033
0 0.2950958994708995 0.5046676587301587 0.04409060846560847 0.018142361111111113
2 0.341984126984127 0.5229712301587301 0.038558201058201055 0.02291666666666667
0 0.590949074074074 0.5289732142857143 0.019593253968253968 0.017904265873015874
0 0.5437367724867724 0.5449032738095239 0.03259589947089947 0.02080109126984127
0 0.600598544973545 0.5470089285714286 0.0339781746031746 0.02132688492063492
0 0.6823809523809524 0.5524082341269841 0.04026785714285714 0.02580357142857143
0 0.38435185185185183 0.5800545634920635 0.030492724867724866 0.03159722222222222
0 0.47686838624338623 0.5832142857142857 0.01752314814814815 0.01369047619047619
2 0.456984126984127 0.059161706349206346 0.03478174603174603 0.03919890873015873
0 0.7309821428571428 0.6739384920634921 0.03561507936507936 0.013561507936507936
0 0.41153439153439153 0.6784598214285714 0.028786375661375662 0.03422867063492063
0 0.3786011904761905 0.6839508928571428 0.021478174603174603 0.017437996031746034
0 0.7126851851851851 0.6915376984126984 0.02830357142857143 0.020989583333333332
0 0.5269080687830687 0.7210863095238096 0.032199074074074074 0.017437996031746034
0 0.33232473544973545 0.7243154761904762 0.03139880952380952 0.014853670634920635
0 0.5409027777777778 0.7848635912698413 0.019712301587301587 0.012594246031746033
2 0.6076851851851852 0.009563492063492064 0.0326984126984127 0.019124503968253968
2 0.42650132275132274 0.09926587301587302 0.036729497354497355 0.035205853174603174
2 0.389484126984127 0.12812003968253968 0.04690145502645503 0.027584325396825395
0 0.39779761904761907 0.1593998015873016 0.022728174603174604 0.013318452380952382
0 0.8272354497354497 0.017294146825396827 0.031375661375661376 0.0203125
0 0.794484126984127 0.017842261904761906 0.023703703703703706 0.02141121031746032
0 0.6259391534391534 0.18638392857142858 0.03363756613756614 0.035736607142857146
0 0.699725529100529 0.1998933531746032 0.01695436507936508 0.019756944444444445
1 0.6735813492063493 0.20308779761904763 0.02587301587301587 0.0191765873015873
2 0.7353571428571428 0.20425099206349207 0.046375661375661376 0.041257440476190475
0 0.6863624338624339 0.21761656746031746 0.020443121693121694 0.013365575396825397
0 0.5819808201058201 0.22487847222222224 0.027843915343915344 0.02847222222222222
0 0.5762764550264551 0.24576140873015873 0.0169510582010582 0.016440972222222225
