0 0.5198280423280424 0.26976934523809526 0.029265873015873016 0.028563988095238097
0 0.38638227513227513 0.27815724206349207 0.019302248677248675 0.018588789682539682
0 0.3388458994708995 0.32256200396825396 0.030945767195767197 0.01693204365079365
0 0.322390873015873 0.32716021825396824 0.02148809523809524 0.01334077380952381
0 0.31866732804232806 0.34081101190476193 0.03803240740740741 0.023268849206349206
0 0.414837962962963 0.46335813492063493 0.028505291005291006 0.02450892857142857
0 0.4961507936507936 0.49394841269841266 0.01648478835978836 0.018214285714285714
2 0.44861772486772483 0.4965649801587302 0.03975198412698412 0.03274801587301587
0 0.4780687830687831 0.5007316468253968 0.022175925925925925 0.025190972222222222
0 0.5002910052910053 0.5153621031746032 0.03311507936507937 0.025384424603174603
1 0.7191170634920635 0.544000496031746 0.027761243386243386 0.021999007936507938
1 0.7233862433862434 0.570873015873016 0.041498015873015874 0.02562003968253968
0 0.7098511904761905 0.5911830357142858 0.024897486772486776 0.016941964285714286
0 0.267906746031746 0.6290674603174603 0.06074074074074074 0.029303075396825397
0 0.5356117724867725 0.6356349206349207 0.011865079365079367 0.00872767857142857
0 0.6440244708994709 0.6465773809523809 0.024616402116402116 0.02429811507936508
0 0.5855092592592592 0.6510515873015873 0.009262566137566139 0.011636904761904762
0 0.34837632275132274 0.6959151785714285 0.039636243386243386 0.025262896825396824
2 0.6808300264550264 0.7093477182539683 0.06655092592592593 0.03719246031746032
0 0.2834292328042328 0.7211780753968254 0.03484788359788359 0.02345734126984127
0 0.694566798941799 0.7336631944444445 0.03801587301587302 0.024727182539682542
0 0.6632539682539683 0.7361359126984127 0.019662698412698413 0.02048859126984127
0 0.3042791005291005 0.7422296626984127 0.017199074074074075 0.013231646825396825
0 0.35379298941798937 0.7494469246031746 0.01918650793650794 0.015637400793650794
0 0.3820568783068783 0.7680927579365079 0.017172619047619048 0.020451388888888887
2 0.6599570105820106 0.7682886904761904 0.02429232804232804 0.019454365079365078
1 0.4626388888888889 0.7931845238095238 0.040429894179894184 0.02861111111111111
2 0.31593584656084656 0.8721304563492063 0.03431547619047619 0.03320436507936508
2 0.2895634920634921 0.9131051587301587 0.0380952380952381 0.036736111111111115
2 0.25824735449735453 0.9357118055555556 0.051762566137566135 0.030376984126984127
2 0.6213392857142858 0.9447197420634921 0.05358465608465608 0.047686011904761905
0 0.5850859788359788 0.9480753968253968 0.022516534391534393 0.030376984126984127
2 0.5573015873015873 0.9604389880952381 0.027238756613756614 0.024727182539682542
0 0.503369708994709 0.972095734126984 0.037119708994709 0.03391121031746031
0 0.5714980158730159 0.9736309523809523 0.023746693121693124 0.02426835317460317
0 0.26748015873015873 0.9804836309523809 0.027466931216931216 0.01875496031746032
0 0.4849239417989418 0.2472123015873016 0.022933201058201055 0.02380208333333333
