2 0.534375 0.291406 0.097656 0.214062
2 0.408594 0.696875 0.076563 0.111719
2 0.451562 0.519531 0.084375 0.165625
2 0.639062 0.692969 0.120313 0.192188
0 0.715625 0.749219 0.078906 0.110156
1 0.627344 0.753125 0.105469 0.191406
1 0.367969 0.538281 0.086719 0.146094
1 0.390625 0.340625 0.085938 0.157812
2 0.382031 0.498437 0.086719 0.199219
0 0.457813 0.305469 0.057813 0.128125
0 0.216406 0.344531 0.087500 0.151562
0 0.283594 0.369531 0.056250 0.104688
0 0.330469 0.414844 0.054688 0.110156
0 0.291406 0.211719 0.035156 0.067187
0 0.122656 0.339844 0.042188 0.060156
2 0.013281 0.346094 0.025781 0.110156
0 0.014844 0.289062 0.028906 0.060937
0 0.022656 0.247656 0.035937 0.058594
