0 0.892188 0.589844 0.098437 0.128125
0 0.798438 0.619531 0.131250 0.190625
2 0.759375 0.588281 0.167187 0.268750
0 0.836719 0.716406 0.101562 0.117188
0 0.665625 0.519531 0.089063 0.132812
0 0.621094 0.585156 0.140625 0.212500
1 0.477344 0.673438 0.150000 0.254688
0 0.434375 0.619531 0.060937 0.109375
0 0.407813 0.378906 0.134375 0.196875
1 0.308594 0.214062 0.137500 0.215625
0 0.365625 0.283594 0.137500 0.209375
0 0.424219 0.258594 0.059375 0.104688
2 0.446875 0.274219 0.045312 0.078125
0 0.572656 0.432812 0.060937 0.078125
