1 0.459375 0.510938 0.118750 0.167187
0 0.558594 0.275000 0.096875 0.145313
0 0.692187 0.249219 0.062500 0.078125
0 0.624219 0.375000 0.057813 0.087500
2 0.609375 0.570312 0.167187 0.267188
1 0.610938 0.367969 0.126562 0.189062
0 0.371875 0.629687 0.071875 0.134375
0 0.499219 0.377344 0.062500 0.089063
0 0.542188 0.516406 0.078125 0.125000
2 0.368750 0.804688 0.168750 0.215625
0 0.405469 0.631250 0.098437 0.150000
0 0.428125 0.583594 0.042188 0.059375
0 0.296094 0.963281 0.067187 0.073438
0 0.310937 0.991406 0.090625 0.017188
