0 0.960938 0.597656 0.078125 0.154688
0 0.714063 0.539062 0.068750 0.125000
2 0.632812 0.541406 0.117188 0.204687
0 0.575000 0.644531 0.068750 0.121875
0 0.559375 0.612500 0.092188 0.189062
0 0.505469 0.736719 0.090625 0.171875
0 0.491406 0.775000 0.092188 0.137500
0 0.432031 0.586719 0.089063 0.189062
0 0.343750 0.501563 0.090625 0.154688
0 0.321094 0.585938 0.081250 0.123438
0 0.301563 0.681250 0.092188 0.162500
0 0.210156 0.510938 0.067187 0.110937
1 0.056250 0.721094 0.093750 0.192188
0 0.028125 0.662500 0.043750 0.146875
0 0.976562 0.527344 0.046875 0.104688
