0 0.040625 0.360938 0.081250 0.148438
0 0.289844 0.442188 0.058594 0.120313
2 0.371094 0.446875 0.100781 0.196094
0 0.438281 0.349219 0.058594 0.117969
0 0.450781 0.382812 0.075781 0.182812
0 0.514844 0.264062 0.075781 0.166406
0 0.532813 0.226562 0.081250 0.130469
0 0.575000 0.419531 0.072656 0.183594
0 0.655469 0.511719 0.077344 0.149219
0 0.685937 0.429688 0.071875 0.117969
0 0.713281 0.336719 0.078125 0.157031
0 0.789844 0.514062 0.058594 0.106250
1 0.960938 0.318750 0.078125 0.185938
0 0.984375 0.378906 0.031250 0.145313
0 0.023438 0.429688 0.046875 0.100781
