2 0.460156 0.295312 0.076563 0.153125
2 0.446094 0.435937 0.078906 0.142187
2 0.460938 0.347656 0.082031 0.104688
1 0.537500 0.454688 0.050000 0.105469
0 0.499219 0.449219 0.032031 0.071094
0 0.493750 0.461719 0.038281 0.075781
2 0.693750 0.346094 0.044531 0.075781
2 0.831250 0.416406 0.033594 0.060937
2 0.885156 0.360938 0.023438 0.040625
2 0.916406 0.362500 0.022656 0.038281
2 0.947656 0.392188 0.020313 0.036719
2 0.931250 0.368750 0.020313 0.048438
2 0.910937 0.331250 0.025781 0.048438
2 0.939844 0.322656 0.020313 0.043750
1 0.763281 0.285938 0.049219 0.088281
0 0.836719 0.263281 0.034375 0.070312
0 0.813281 0.272656 0.016406 0.033594
0 0.747656 0.278125 0.031250 0.057031
0 0.989844 0.335938 0.017188 0.026562
1 0.967969 0.378125 0.019531 0.029687
0 0.927344 0.330469 0.020313 0.035937
