0 0.116406 0.469531 0.110937 0.214844
0 0.127344 0.618750 0.053906 0.086719
0 0.176563 0.650781 0.058594 0.120313
0 0.243750 0.652344 0.069531 0.116406
0 0.242969 0.521875 0.067969 0.140625
2 0.324219 0.492188 0.136719 0.274219
2 0.400000 0.518750 0.078125 0.171875
0 0.455469 0.518750 0.075781 0.152344
0 0.496875 0.592187 0.047656 0.100781
0 0.507031 0.412500 0.063281 0.116406
2 0.553125 0.422656 0.089063 0.183594
0 0.607812 0.437500 0.050781 0.089844
0 0.617969 0.235937 0.080469 0.164844
0 0.618750 0.319531 0.064844 0.103906
0 0.696094 0.162500 0.077344 0.139844
2 0.703125 0.158594 0.086719 0.182031
2 0.676562 0.255469 0.105469 0.230469
2 0.762500 0.254688 0.053906 0.110937
2 0.774219 0.328125 0.089844 0.160156
2 0.829688 0.366406 0.070312 0.134375
1 0.869531 0.453125 0.060156 0.102344
0 0.879687 0.332031 0.059375 0.092188
0 0.908594 0.389844 0.067969 0.147656
0 0.936719 0.480469 0.052344 0.090625
0 0.903906 0.478125 0.036719 0.060937
0 0.947656 0.393750 0.038281 0.100781
2 0.977344 0.460938 0.045312 0.141406
0 0.985938 0.342187 0.028125 0.075000
0 0.906250 0.210156 0.053125 0.095312
0 0.844531 0.044531 0.066406 0.089063
