2 0.271875 0.345313 0.075000 0.117188
0 0.335938 0.367188 0.042188 0.062500
1 0.378125 0.360156 0.048438 0.085938
0 0.420312 0.371094 0.043750 0.065625
1 0.463281 0.346875 0.054688 0.084375
1 0.398438 0.448437 0.073438 0.098437
2 0.455469 0.434375 0.057813 0.085938
0 0.496875 0.428906 0.042188 0.067187
2 0.509375 0.439063 0.059375 0.087500
0 0.558594 0.410938 0.040625 0.060937
1 0.600000 0.417969 0.045312 0.068750
1 0.614062 0.421094 0.068750 0.115625
1 0.663281 0.420312 0.046875 0.076563
0 0.638281 0.313281 0.039062 0.064062
0 0.649219 0.325781 0.046875 0.076563
2 0.744531 0.419531 0.068750 0.090625
1 0.826562 0.484375 0.053125 0.062500
2 0.875000 0.442969 0.065625 0.101562
1 0.959375 0.383594 0.060937 0.075000
1 0.896875 0.424219 0.056250 0.078125
