2 0.839063 0.330469 0.065625 0.109375
2 0.900000 0.294531 0.071875 0.118750
2 0.964844 0.263281 0.046875 0.123438
2 0.564844 0.378906 0.067187 0.117188
2 0.447656 0.417187 0.062500 0.103125
2 0.339062 0.362500 0.075000 0.121875
2 0.106250 0.407813 0.057813 0.101562
2 0.038281 0.457813 0.071875 0.104688
2 0.078906 0.451562 0.035937 0.092188
1 0.595313 0.338281 0.048438 0.092188
0 0.540625 0.580469 0.060937 0.100000
0 0.135937 0.359375 0.046875 0.082812
0 0.177344 0.351562 0.040625 0.071875
0 0.386719 0.357031 0.034375 0.051562
0 0.539062 0.295312 0.039062 0.073438
0 0.503906 0.461719 0.042188 0.073438
0 0.604688 0.501563 0.051562 0.090625
0 0.939063 0.246875 0.042188 0.089063
0 0.029687 0.407031 0.053125 0.073438
