1 0.367188 0.668750 0.096875 0.165625
1 0.523438 0.575781 0.098437 0.182812
0 0.466406 0.272656 0.085156 0.173437
0 0.588281 0.267188 0.077344 0.153125
0 0.708594 0.082031 0.085156 0.124219
0 0.783594 0.157031 0.073438 0.110937
1 0.719531 0.303125 0.103125 0.141406
2 0.795312 0.469531 0.125781 0.242188
2 0.907813 0.575781 0.115625 0.184375
2 0.920312 0.439844 0.111719 0.137500
2 0.974219 0.542188 0.050781 0.139063
0 0.692187 0.507812 0.034375 0.094531
0 0.732031 0.491406 0.061719 0.138281
0 0.811719 0.640625 0.082031 0.128125
0 0.835156 0.542188 0.059375 0.092969
