1 0.070312 0.731250 0.096875 0.148438
1 0.065625 0.587500 0.115625 0.153125
0 0.100781 0.982812 0.051562 0.034375
0 0.236719 0.918750 0.032813 0.043750
0 0.339062 0.978906 0.046875 0.042188
0 0.300000 0.891406 0.064062 0.089063
0 0.350781 0.915625 0.040625 0.057813
0 0.410938 0.942969 0.081250 0.114062
0 0.113281 0.517188 0.085938 0.120313
0 0.327344 0.604688 0.085938 0.117188
0 0.450781 0.789844 0.081250 0.107813
0 0.567969 0.343750 0.115625 0.156250
0 0.471094 0.289844 0.106250 0.134375
1 0.511719 0.556250 0.110937 0.151562
1 0.314844 0.485938 0.104688 0.142187
1 0.355469 0.668750 0.112500 0.146875
1 0.491406 0.692187 0.129688 0.170313
1 0.526563 0.403125 0.134375 0.198437
