2 0.448437 0.421094 0.113281 0.192188
2 0.306250 0.353906 0.087500 0.092969
2 0.319531 0.432031 0.071094 0.087500
1 0.032813 0.488281 0.063281 0.084375
0 0.090625 0.450781 0.056250 0.103125
1 0.134375 0.468750 0.082031 0.119531
1 0.362500 0.598437 0.083594 0.149219
1 0.923438 0.682031 0.091406 0.204687
1 0.120313 0.216406 0.078906 0.116406
2 0.012500 0.414062 0.025000 0.082031
0 0.024219 0.296094 0.042969 0.072656
0 0.010156 0.342187 0.020313 0.055469
0 0.128906 0.156250 0.060937 0.081250
0 0.221875 0.195312 0.057031 0.089063
0 0.240625 0.157031 0.036719 0.052344
0 0.222656 0.081250 0.075781 0.139844
0 0.477344 0.598437 0.084375 0.143750
0 0.964844 0.672656 0.069531 0.186719
