2 0.246094 0.790625 0.081250 0.107813
1 0.183594 0.864844 0.060937 0.076563
1 0.487500 0.436719 0.082812 0.098437
2 0.518750 0.451562 0.067187 0.095312
0 0.532031 0.542969 0.032813 0.046875
1 0.610938 0.483594 0.056250 0.079687
2 0.637500 0.469531 0.062500 0.093750
2 0.665625 0.550000 0.070312 0.093750
2 0.601562 0.562500 0.057813 0.078125
0 0.636719 0.603125 0.042188 0.051562
0 0.935156 0.542969 0.045312 0.057813
2 0.905469 0.528906 0.056250 0.067187
2 0.857031 0.506250 0.045312 0.064062
2 0.910156 0.421875 0.053125 0.070312
2 0.912500 0.377344 0.054688 0.078125
2 0.973437 0.376563 0.039062 0.089063
