0 0.271875 0.650781 0.120313 0.167187
0 0.342969 0.762500 0.120313 0.164062
0 0.464844 0.700000 0.065625 0.101562
0 0.348438 0.867188 0.046875 0.076563
1 0.285938 0.613281 0.178125 0.254688
0 0.498437 0.393750 0.071875 0.131250
1 0.538281 0.327344 0.117188 0.189062
0 0.576562 0.400781 0.076563 0.118750
0 0.778906 0.092969 0.070312 0.115625
0 0.689844 0.109375 0.068750 0.123438
0 0.687500 0.144531 0.096875 0.146875
0 0.757812 0.310937 0.089063 0.134375
0 0.817187 0.554688 0.056250 0.082812
0 0.835156 0.492188 0.053125 0.085938
0 0.867969 0.525000 0.051562 0.068750
0 0.834375 0.356250 0.051562 0.081250
0 0.873437 0.422656 0.101562 0.126562
0 0.923438 0.411719 0.060937 0.089063
0 0.977344 0.505469 0.045312 0.076563
0 0.922656 0.345313 0.065625 0.081250
1 0.898438 0.458594 0.042188 0.045312
1 0.952344 0.366406 0.048438 0.090625
0 0.942187 0.448437 0.054688 0.076563
0 0.982812 0.450781 0.034375 0.054688
1 0.968750 0.395313 0.050000 0.057813
0 0.975781 0.359375 0.031250 0.068750
