0 0.042188 0.354687 0.056250 0.065625
0 0.152344 0.420312 0.068750 0.079687
0 0.171875 0.348438 0.093750 0.114062
0 0.249219 0.395313 0.104688 0.135937
0 0.250000 0.303906 0.107813 0.101562
1 0.299219 0.260937 0.104688 0.128125
0 0.299219 0.537500 0.065625 0.073438
1 0.390625 0.430469 0.120313 0.120313
0 0.411719 0.351562 0.126562 0.112500
0 0.553906 0.417969 0.121875 0.146875
0 0.569531 0.542969 0.057813 0.053125
0 0.642188 0.494531 0.114062 0.120313
0 0.650781 0.345313 0.095312 0.134375
1 0.757031 0.518750 0.153125 0.145313
0 0.747656 0.413281 0.071875 0.075000
0 0.925781 0.482812 0.082812 0.084375
0 0.846094 0.432812 0.046875 0.054688
0 0.917969 0.384375 0.120313 0.101562
0 0.973437 0.372656 0.053125 0.095312
1 0.960156 0.185938 0.079687 0.134375
0 0.982812 0.504687 0.034375 0.056250
0 0.879687 0.080469 0.057813 0.054688
