1 0.329688 0.468750 0.173437 0.189062
1 0.828125 0.148438 0.164062 0.206250
1 0.872656 0.603125 0.078125 0.115625
0 0.940625 0.123438 0.101562 0.175000
0 0.908594 0.258594 0.090625 0.150000
0 0.794531 0.321094 0.142187 0.145313
0 0.644531 0.414844 0.079687 0.089063
0 0.430469 0.514062 0.120313 0.129688
0 0.382031 0.668750 0.142187 0.168750
0 0.622656 0.694531 0.176563 0.254688
0 0.725781 0.852344 0.157812 0.220312
0 0.959375 0.785156 0.059375 0.095312
0 0.937500 0.607812 0.123438 0.154688
0 0.827344 0.776563 0.075000 0.114062
0 0.657813 0.896875 0.092188 0.087500
0 0.972656 0.696094 0.050000 0.104688
