0 0.895312 0.493750 0.082812 0.112500
0 0.853906 0.478125 0.084375 0.143750
0 0.739844 0.413281 0.043750 0.064062
0 0.748437 0.617188 0.095312 0.151562
0 0.706250 0.488281 0.062500 0.093750
1 0.695312 0.378125 0.087500 0.126562
0 0.612500 0.362500 0.109375 0.151562
1 0.582812 0.438281 0.134375 0.207813
1 0.532031 0.478906 0.126562 0.187500
0 0.493750 0.343750 0.103125 0.137500
0 0.470313 0.437500 0.089063 0.120313
0 0.493750 0.516406 0.073438 0.104688
0 0.432812 0.784375 0.110937 0.157812
0 0.270313 0.920312 0.156250 0.159375
