1 0.268750 0.425000 0.084375 0.128125
1 0.100000 0.495312 0.010937 0.015625
1 0.078906 0.483594 0.009375 0.009375
2 0.083594 0.472656 0.021875 0.029687
1 0.114062 0.485938 0.010937 0.015625
1 0.193750 0.460156 0.015625 0.015625
2 0.209375 0.460938 0.018750 0.028125
1 0.043750 0.771094 0.040625 0.106250
1 0.081250 0.496094 0.007812 0.012500
2 0.200781 0.471094 0.010937 0.015625
2 0.157031 0.486719 0.015625 0.021875
2 0.175000 0.458594 0.009375 0.015625
2 0.178125 0.444531 0.009375 0.015625
2 0.333594 0.316406 0.087500 0.140625
2 0.546094 0.495312 0.098437 0.168750
1 0.040625 0.666406 0.062500 0.129688
2 0.449219 0.488281 0.121875 0.193750
1 0.780469 0.345313 0.084375 0.114062
2 0.897656 0.422656 0.037500 0.056250
2 0.925781 0.407813 0.029687 0.046875
2 0.359375 0.426563 0.018750 0.028125
2 0.623437 0.486719 0.026562 0.042188
1 0.750000 0.436719 0.021875 0.032813
1 0.761719 0.455469 0.020313 0.031250
0 0.770312 0.424219 0.017188 0.025000
2 0.784375 0.431250 0.017188 0.026562
1 0.825000 0.411719 0.015625 0.023438
2 0.878125 0.367969 0.021875 0.032813
2 0.972656 0.418750 0.018750 0.026562
