1 0.502344 0.489063 0.137500 0.209375
2 0.652344 0.664844 0.057813 0.085938
1 0.540625 0.764844 0.062500 0.087500
2 0.732031 0.632031 0.048438 0.073438
2 0.481250 0.700781 0.100000 0.154688
2 0.020313 0.851562 0.040625 0.178125
2 0.224219 0.158594 0.170313 0.239063
2 0.798438 0.467187 0.032813 0.053125
2 0.774219 0.330469 0.050000 0.082812
2 0.697656 0.381250 0.056250 0.103125
2 0.531250 0.639844 0.068750 0.107813
0 0.786719 0.418750 0.046875 0.071875
2 0.739062 0.512500 0.062500 0.098437
2 0.721875 0.575781 0.051562 0.079687
