1 0.499219 0.489063 0.114844 0.196875
2 0.328906 0.645312 0.047656 0.080469
1 0.427344 0.757812 0.052344 0.082031
2 0.253906 0.603125 0.040625 0.069531
2 0.494531 0.701562 0.082812 0.145313
2 0.960938 0.910937 0.077344 0.170313
2 0.815625 0.194531 0.144531 0.222656
2 0.207813 0.431250 0.026562 0.050000
2 0.248438 0.298438 0.041406 0.078125
2 0.317969 0.357812 0.045312 0.098437
2 0.451562 0.635156 0.056250 0.101562
0 0.225000 0.384375 0.039062 0.067187
2 0.260937 0.483594 0.051562 0.092969
2 0.270313 0.548438 0.042969 0.075781
