2 0.671094 0.427344 0.084375 0.175000
0 0.771094 0.557813 0.059375 0.114062
0 0.053906 0.620313 0.042188 0.085938
0 0.426563 0.625781 0.064062 0.120313
1 0.953125 0.353906 0.065625 0.103125
0 0.052344 0.431250 0.040625 0.079687
0 0.008594 0.425781 0.017188 0.079687
1 0.106250 0.580469 0.051562 0.085938
0 0.985156 0.453906 0.029687 0.078125
0 0.599219 0.334375 0.068750 0.140625
2 0.038281 0.470313 0.029687 0.068750
1 0.926562 0.460156 0.034375 0.106250
1 0.482031 0.539844 0.081250 0.128125
0 0.675781 0.703906 0.040625 0.060937
