0 0.706250 0.578906 0.076563 0.117188
2 0.776563 0.425781 0.101562 0.143750
1 0.657031 0.588281 0.059375 0.101562
1 0.946094 0.696875 0.060937 0.107813
0 0.746094 0.943750 0.059375 0.081250
2 0.691406 0.871094 0.079687 0.095312
2 0.742969 0.795312 0.037500 0.054688
0 0.510938 0.495312 0.070312 0.112500
1 0.438281 0.475781 0.100000 0.159375
0 0.423438 0.516406 0.054688 0.092188
1 0.402344 0.392188 0.096875 0.157812
1 0.056250 0.457813 0.075000 0.135937
2 0.086719 0.278906 0.076563 0.118750
0 0.014063 0.537500 0.028125 0.065625
0 0.050781 0.546875 0.039062 0.060937
0 0.428906 0.751562 0.039062 0.084375
