0 0.798438 0.857812 0.042188 0.065625
0 0.598437 0.796094 0.059375 0.089063
0 0.800781 0.786719 0.070312 0.093750
0 0.698438 0.517969 0.057813 0.084375
0 0.553125 0.571094 0.065625 0.103125
0 0.468750 0.617188 0.100000 0.159375
0 0.806250 0.468750 0.043750 0.065625
0 0.915625 0.754687 0.032813 0.054688
0 0.953906 0.735156 0.026562 0.060937
0 0.851562 0.358594 0.032813 0.046875
2 0.524219 0.793750 0.098437 0.151562
1 0.692969 0.622656 0.084375 0.107813
0 0.050781 0.774219 0.031250 0.046875
0 0.796094 0.571094 0.067187 0.092188
0 0.053125 0.684375 0.031250 0.042188
