2 0.439063 0.331250 0.071094 0.173437
2 0.276562 0.261719 0.064844 0.153125
2 0.108594 0.410156 0.049219 0.119531
1 0.760938 0.521875 0.049219 0.130469
1 0.352344 0.502344 0.052344 0.121094
1 0.436719 0.474219 0.058594 0.121875
0 0.185938 0.578125 0.032813 0.067969
0 0.385156 0.442969 0.044531 0.092188
0 0.307812 0.713281 0.025781 0.056250
2 0.139844 0.357812 0.024219 0.111719
0 0.810937 0.627344 0.046094 0.097656
0 0.891406 0.417969 0.042969 0.078125
0 0.252344 0.508594 0.031250 0.061719
1 0.967969 0.465625 0.039062 0.107031
