2 0.790625 0.337500 0.064062 0.124219
2 0.614062 0.253906 0.066406 0.153906
2 0.358594 0.396875 0.060937 0.144531
1 0.665625 0.493750 0.044531 0.123438
1 0.948438 0.511719 0.042969 0.103125
0 0.092969 0.550000 0.026562 0.067187
2 0.408594 0.339844 0.051562 0.133594
0 0.776563 0.440625 0.041406 0.078906
0 0.696875 0.703125 0.029687 0.067969
1 0.735938 0.482812 0.047656 0.093750
0 0.435156 0.585156 0.042969 0.087500
0 0.029687 0.410938 0.053125 0.102344
0 0.989844 0.589063 0.020313 0.067969
0 0.032031 0.582812 0.042188 0.062500
