1 0.752344 0.421094 0.055469 0.129688
2 0.521875 0.180469 0.071875 0.130469
2 0.935156 0.513281 0.027344 0.084375
0 0.547656 0.300000 0.053906 0.088281
2 0.622656 0.627344 0.070312 0.145313
1 0.913281 0.417969 0.044531 0.103906
2 0.214844 0.337500 0.057031 0.128125
0 0.958594 0.481250 0.038281 0.100000
0 0.457813 0.678125 0.037500 0.071094
0 0.171875 0.382031 0.046875 0.102344
0 0.922656 0.195312 0.060937 0.079687
1 0.922656 0.195312 0.060937 0.079687
2 0.977344 0.319531 0.045312 0.126562
0 0.671094 0.772656 0.051563 0.070312
