2 0.285156 0.186719 0.192188 0.210938
0 0.202344 0.277344 0.079687 0.110937
2 0.450000 0.286719 0.156250 0.187500
2 0.641406 0.535156 0.200000 0.254688
2 0.765625 0.670312 0.179688 0.223438
2 0.892969 0.682813 0.126562 0.190625
1 0.936719 0.715625 0.098437 0.121875
0 0.337500 0.670312 0.132812 0.153125
2 0.251563 0.675000 0.120313 0.203125
0 0.307031 0.494531 0.089063 0.126562
1 0.242188 0.453125 0.117188 0.193750
0 0.178125 0.437500 0.140625 0.179688
0 0.104688 0.573438 0.148438 0.154688
2 0.018750 0.362500 0.023438 0.076563
