0 0.039062 0.313281 0.027344 0.032813
0 0.037500 0.357031 0.061719 0.082031
0 0.056250 0.353125 0.035937 0.036719
0 0.096875 0.345313 0.036719 0.050000
0 0.132031 0.331250 0.047656 0.054688
0 0.103125 0.290625 0.060937 0.067969
0 0.328125 0.279687 0.050781 0.057031
2 0.333594 0.335156 0.067187 0.071094
2 0.439063 0.290625 0.078125 0.104688
1 0.428906 0.388281 0.072656 0.092188
0 0.493750 0.372656 0.048438 0.067187
0 0.480469 0.321875 0.034375 0.039062
0 0.501563 0.283594 0.037500 0.052344
1 0.550000 0.288281 0.060156 0.084375
0 0.637500 0.303906 0.042188 0.050000
2 0.617969 0.277344 0.082812 0.106250
0 0.702344 0.296094 0.056250 0.075781
0 0.740625 0.282031 0.057031 0.092188
1 0.737500 0.390625 0.064844 0.078125
0 0.814063 0.398438 0.034375 0.037500
0 0.874219 0.330469 0.061719 0.077344
2 0.764844 0.353906 0.086719 0.107813
