2 0.754687 0.751563 0.142187 0.232813
1 0.689063 0.282813 0.153125 0.246875
0 0.582031 0.362500 0.112500 0.192188
0 0.680469 0.645312 0.096875 0.159375
0 0.463281 0.671875 0.082812 0.151562
0 0.507031 0.256250 0.065625 0.087500
0 0.289844 0.189844 0.093750 0.150000
0 0.385156 0.735156 0.056250 0.089063
0 0.367969 0.666406 0.106250 0.178125
0 0.372656 0.586719 0.056250 0.076563
0 0.085938 0.370312 0.064062 0.073438
0 0.101562 0.468750 0.040625 0.057813
0 0.223438 0.296875 0.053125 0.110937
0 0.152344 0.417187 0.131250 0.146875
0 0.058594 0.487500 0.087500 0.150000
0 0.020313 0.539844 0.040625 0.160938
0 0.038281 0.381250 0.071875 0.154688
