0 0.097656 0.500781 0.075000 0.114062
0 0.182031 0.450781 0.094531 0.173437
2 0.227344 0.472656 0.114844 0.249219
0 0.123438 0.364844 0.081250 0.100781
0 0.334375 0.517969 0.062500 0.121875
0 0.363281 0.444531 0.099219 0.195312
1 0.482812 0.325781 0.098437 0.239063
0 0.536719 0.368750 0.038281 0.103125
0 0.617188 0.596875 0.096875 0.180469
1 0.750781 0.735938 0.095312 0.199219
0 0.679688 0.680469 0.096094 0.192969
0 0.628125 0.717969 0.038281 0.099219
2 0.602344 0.707812 0.029687 0.072656
0 0.444531 0.582031 0.046875 0.069531
