0 0.083594 0.739062 0.112500 0.162500
0 0.308594 0.603906 0.084375 0.129688
2 0.386719 0.580469 0.142187 0.214062
0 0.473438 0.660937 0.084375 0.128125
0 0.478125 0.625000 0.115625 0.195312
0 0.567187 0.726562 0.110937 0.179688
0 0.593750 0.759375 0.107813 0.145313
0 0.591406 0.561719 0.112500 0.195312
0 0.649219 0.453906 0.109375 0.162500
0 0.696875 0.526563 0.096875 0.131250
0 0.744531 0.610938 0.110937 0.170313
0 0.778906 0.421094 0.081250 0.117188
1 0.965625 0.572656 0.068750 0.198437
0 0.983594 0.508594 0.032813 0.148438
0 0.051562 0.675781 0.068750 0.109375
