2 0.203906 0.222656 0.107813 0.170313
1 0.265625 0.328906 0.062500 0.120313
1 0.176563 0.364063 0.062500 0.112500
0 0.226562 0.352344 0.048438 0.060937
0 0.025781 0.154688 0.051562 0.143750
0 0.051562 0.219531 0.046875 0.076563
0 0.566406 0.335938 0.082812 0.145313
0 0.650781 0.307031 0.060937 0.101562
0 0.488281 0.435937 0.073438 0.114062
0 0.386719 0.382812 0.059375 0.098437
1 0.438281 0.285156 0.092188 0.181250
1 0.512500 0.304688 0.050000 0.160938
2 0.468750 0.342969 0.064062 0.146875
0 0.011719 0.329688 0.023438 0.087500
1 0.009375 0.393750 0.018750 0.062500
2 0.638281 0.320312 0.129688 0.245312
