0 0.968750 0.108594 0.061719 0.151562
1 0.937500 0.496094 0.116406 0.190625
0 0.882031 0.685937 0.042969 0.078125
0 0.854688 0.586719 0.052344 0.088281
0 0.772656 0.264062 0.046094 0.075781
0 0.746875 0.502344 0.057813 0.075000
0 0.616406 0.385937 0.107813 0.218750
0 0.356250 0.346875 0.100781 0.212500
0 0.089063 0.725000 0.095312 0.191406
0 0.121875 0.603125 0.077344 0.105469
0 0.021094 0.706250 0.042188 0.250000
1 0.076563 0.525781 0.139844 0.244531
2 0.211719 0.539062 0.142187 0.246094
2 0.346875 0.567969 0.135156 0.242188
2 0.449219 0.288281 0.145313 0.274219
2 0.427344 0.547656 0.096094 0.228906
