0 0.544531 0.718750 0.076563 0.143750
0 0.641406 0.707812 0.073438 0.128125
0 0.808594 0.850000 0.071875 0.098437
0 0.831250 0.781250 0.064062 0.056250
0 0.757031 0.496875 0.059375 0.112500
0 0.714063 0.482031 0.034375 0.073438
0 0.821875 0.359375 0.078125 0.120313
0 0.856250 0.432812 0.026562 0.059375
1 0.434375 0.361719 0.089063 0.167187
1 0.582031 0.435156 0.090625 0.167187
2 0.753906 0.673438 0.090625 0.128125
2 0.817969 0.515625 0.115625 0.215625
2 0.914062 0.411719 0.101562 0.164062
2 0.973437 0.433594 0.051562 0.112500
2 0.925781 0.547656 0.117188 0.110937
