0 0.075781 0.721875 0.085156 0.142187
2 0.229687 0.555469 0.130469 0.244531
0 0.348438 0.555469 0.096094 0.204687
0 0.452344 0.401562 0.091406 0.184375
2 0.518750 0.228125 0.114062 0.209375
2 0.585938 0.282031 0.110937 0.214062
0 0.553125 0.431250 0.082812 0.160156
0 0.584375 0.481250 0.053125 0.141406
0 0.637500 0.527344 0.069531 0.154688
0 0.710938 0.471094 0.081250 0.135937
0 0.792969 0.307031 0.114844 0.225000
1 0.698438 0.378125 0.097656 0.121094
2 0.907813 0.282031 0.102344 0.170313
0 0.962500 0.371875 0.067969 0.111719
1 0.478125 0.351562 0.082812 0.203125
