0 0.893750 0.228125 0.101562 0.151562
2 0.761719 0.411719 0.159375 0.259375
0 0.643750 0.426563 0.120313 0.215625
0 0.559375 0.592187 0.112500 0.193750
2 0.514844 0.771875 0.139063 0.221875
2 0.441406 0.726562 0.135937 0.226562
0 0.455469 0.575000 0.101562 0.168750
0 0.418750 0.528906 0.070312 0.146875
0 0.360156 0.489844 0.087500 0.162500
0 0.294531 0.554688 0.096875 0.145313
0 0.232813 0.727344 0.142187 0.237500
1 0.317969 0.645312 0.110937 0.132812
2 0.121875 0.766406 0.121875 0.181250
0 0.056250 0.683594 0.081250 0.118750
1 0.539844 0.644531 0.106250 0.210938
