2 0.330469 0.931250 0.135937 0.137500
2 0.522656 0.787500 0.115625 0.210938
2 0.670312 0.723437 0.104688 0.187500
2 0.797656 0.628125 0.081250 0.126562
1 0.439063 0.772656 0.112500 0.204687
1 0.591406 0.634375 0.095312 0.148438
1 0.806250 0.542969 0.057813 0.090625
1 0.884375 0.554688 0.057813 0.098437
1 0.929688 0.389062 0.067187 0.093750
0 0.517969 0.804688 0.060937 0.089063
0 0.692187 0.592187 0.042188 0.056250
0 0.754687 0.482812 0.051562 0.085938
0 0.844531 0.532813 0.051562 0.090625
0 0.921094 0.646875 0.053125 0.090625
1 0.764844 0.664844 0.079687 0.125000
0 0.985938 0.659375 0.028125 0.078125
2 0.830469 0.607812 0.035937 0.054688
0 0.871094 0.514844 0.040625 0.054688
0 0.930469 0.446094 0.048438 0.045312
1 0.979688 0.368750 0.017188 0.050000
