2 0.253906 0.082812 0.109375 0.164844
2 0.472656 0.212500 0.082031 0.200000
2 0.628906 0.250781 0.075781 0.176563
2 0.771094 0.321875 0.062500 0.117188
1 0.392969 0.242188 0.080469 0.192969
1 0.566406 0.351562 0.072656 0.137500
1 0.794531 0.404687 0.044531 0.084375
1 0.868750 0.379688 0.042969 0.092188
1 0.942187 0.534375 0.053125 0.085938
0 0.464844 0.196875 0.046875 0.082812
0 0.673438 0.375781 0.033594 0.051562
0 0.753906 0.472656 0.037500 0.081250
0 0.833594 0.407813 0.036719 0.085938
0 0.889062 0.282031 0.039844 0.084375
1 0.732031 0.291406 0.060156 0.115625
0 0.964063 0.256250 0.042188 0.071875
2 0.807031 0.336719 0.028125 0.050781
0 0.863281 0.421094 0.032031 0.049219
0 0.933594 0.478125 0.042969 0.039062
1 0.995313 0.546094 0.009375 0.048438
