2 0.618750 0.545312 0.198437 0.250000
2 0.285938 0.615625 0.134375 0.157812
2 0.393750 0.535156 0.148438 0.215625
2 0.110156 0.565625 0.079687 0.109375
1 0.478906 0.470313 0.145313 0.198437
1 0.303125 0.469531 0.087500 0.137500
1 0.146094 0.575000 0.084375 0.104688
1 0.067187 0.599219 0.051562 0.078125
1 0.024219 0.515625 0.048438 0.071875
0 0.064844 0.717187 0.050000 0.075000
0 0.170313 0.450781 0.059375 0.059375
0 0.168750 0.499219 0.054688 0.057813
0 0.362500 0.502344 0.079687 0.106250
1 0.150000 0.635938 0.093750 0.057813
0 0.032813 0.560156 0.045312 0.034375
