1 0.486719 0.392188 0.118750 0.162500
1 0.573438 0.244531 0.107813 0.145313
1 0.696875 0.320312 0.071875 0.120313
1 0.850781 0.592187 0.065625 0.092188
1 0.573438 0.389062 0.071875 0.098437
1 0.919531 0.625781 0.048438 0.071875
2 0.753125 0.568750 0.087500 0.129688
0 0.543750 0.564844 0.096875 0.134375
0 0.923438 0.371094 0.039062 0.053125
0 0.935937 0.475000 0.045312 0.062500
0 0.982812 0.500781 0.032813 0.046875
0 0.891406 0.576562 0.056250 0.079687
0 0.811719 0.613281 0.056250 0.078125
0 0.879687 0.479687 0.026562 0.039062
0 0.844531 0.357812 0.035937 0.057813
0 0.867969 0.325781 0.037500 0.051562
0 0.841406 0.271094 0.025000 0.034375
0 0.947656 0.314063 0.025000 0.029687
0 0.931250 0.335938 0.026562 0.032813
0 0.665625 0.545312 0.059375 0.090625
0 0.620313 0.528906 0.051562 0.090625
0 0.627344 0.403906 0.067187 0.112500
0 0.555469 0.458594 0.089063 0.106250
1 0.836719 0.530469 0.059375 0.073438
0 0.806250 0.559375 0.031250 0.045312
0 0.623437 0.062500 0.071875 0.107813
0 0.703125 0.314063 0.043750 0.075000
