2 0.507812 0.342187 0.137500 0.171875
2 0.388281 0.405469 0.137500 0.173437
0 0.455469 0.618750 0.071875 0.082812
0 0.563281 0.655469 0.109375 0.140625
0 0.648438 0.634375 0.082812 0.110937
0 0.914844 0.629687 0.051562 0.057813
0 0.783594 0.717969 0.035937 0.048438
0 0.598437 0.937500 0.090625 0.117188
0 0.651563 0.964063 0.084375 0.071875
0 0.618750 0.882031 0.112500 0.151562
0 0.760156 0.923438 0.070312 0.089063
0 0.901563 0.661719 0.054688 0.062500
1 0.880469 0.666406 0.064062 0.082812
0 0.960156 0.675000 0.035937 0.053125
0 0.941406 0.692969 0.050000 0.059375
0 0.942969 0.742969 0.040625 0.043750
0 0.919531 0.775781 0.043750 0.051562
0 0.896094 0.732031 0.051562 0.051562
1 0.874219 0.776563 0.053125 0.059375
0 0.866406 0.921875 0.043750 0.057813
0 0.893750 0.862500 0.039062 0.045312
0 0.909375 0.812500 0.043750 0.042188
0 0.859375 0.735938 0.054688 0.070312
1 0.916406 0.749219 0.046875 0.062500
