2 0.440625 0.426563 0.132812 0.203125
2 0.292187 0.375000 0.096875 0.101562
2 0.313281 0.451562 0.079687 0.093750
1 0.035156 0.537500 0.070312 0.090625
0 0.087500 0.493750 0.067187 0.107813
1 0.132812 0.507031 0.093750 0.128125
1 0.373437 0.612500 0.098437 0.157812
1 0.939844 0.636719 0.112500 0.212500
1 0.092969 0.257812 0.090625 0.123438
2 0.010937 0.465625 0.021875 0.084375
0 0.014844 0.346094 0.029687 0.076563
0 0.004687 0.394531 0.009375 0.057813
0 0.095312 0.196875 0.068750 0.087500
0 0.191406 0.225781 0.065625 0.095312
0 0.206250 0.185938 0.042188 0.056250
0 0.180469 0.112500 0.090625 0.146875
0 0.487500 0.600000 0.098437 0.151562
0 0.967969 0.622656 0.064062 0.192188
