0 0.106250 0.637500 0.157031 0.153125
0 0.257031 0.794531 0.103906 0.135937
0 0.222656 0.778906 0.124219 0.186719
1 0.153906 0.806250 0.122656 0.189844
1 0.060937 0.825000 0.092188 0.156250
0 0.028906 0.876563 0.057813 0.180469
1 0.599219 0.432812 0.098437 0.163281
0 0.662500 0.435937 0.077344 0.143750
0 0.632812 0.559375 0.057031 0.102344
0 0.703125 0.676562 0.067187 0.105469
0 0.684375 0.592187 0.057031 0.092969
0 0.718750 0.571094 0.085156 0.131250
0 0.746875 0.466406 0.064844 0.080469
0 0.804688 0.482031 0.039062 0.100781
0 0.771094 0.628906 0.038281 0.060156
0 0.783594 0.664844 0.051562 0.074219
0 0.839063 0.712500 0.036719 0.051562
0 0.839844 0.479687 0.058594 0.078125
0 0.846875 0.525000 0.032813 0.050781
1 0.950781 0.539844 0.086719 0.110937
0 0.925000 0.582031 0.064844 0.080469
0 0.882031 0.121094 0.057031 0.070312
0 0.887500 0.163281 0.046094 0.048438
