0 0.900781 0.616406 0.164062 0.160938
0 0.757812 0.781250 0.110937 0.140625
0 0.791406 0.764062 0.134375 0.192188
1 0.861719 0.787500 0.132812 0.195312
1 0.952344 0.800781 0.095312 0.160938
0 0.978125 0.850781 0.043750 0.182812
1 0.397656 0.438281 0.106250 0.168750
0 0.334375 0.444531 0.084375 0.146875
0 0.370312 0.566406 0.062500 0.104688
0 0.306250 0.686719 0.071875 0.109375
0 0.320312 0.601562 0.062500 0.095312
0 0.285156 0.582812 0.092188 0.135937
0 0.251563 0.479687 0.068750 0.084375
0 0.194531 0.497656 0.043750 0.103125
0 0.235937 0.642969 0.040625 0.062500
0 0.225781 0.679688 0.054688 0.076563
0 0.172656 0.729688 0.039062 0.053125
0 0.159375 0.497656 0.062500 0.081250
0 0.154688 0.542969 0.035937 0.053125
1 0.051562 0.563281 0.092188 0.115625
0 0.079687 0.603906 0.068750 0.084375
0 0.098437 0.141406 0.060937 0.073438
0 0.095312 0.184375 0.048438 0.051562
