0 0.257031 0.625781 0.103906 0.157812
0 0.316406 0.744531 0.104688 0.154688
0 0.443750 0.695312 0.056250 0.096094
0 0.310937 0.849219 0.039844 0.072656
1 0.275000 0.590625 0.153906 0.240625
0 0.509375 0.394531 0.059375 0.125000
1 0.556250 0.332031 0.099219 0.178906
0 0.586719 0.409375 0.064844 0.113281
0 0.820312 0.124219 0.058594 0.110156
0 0.729688 0.131250 0.056250 0.117969
0 0.723437 0.166406 0.082812 0.139063
0 0.775781 0.339062 0.075781 0.127344
0 0.809375 0.587500 0.047656 0.078125
0 0.834375 0.527344 0.045312 0.081250
0 0.863281 0.563281 0.044531 0.064844
0 0.847656 0.392188 0.043750 0.077344
0 0.879687 0.462500 0.089063 0.117969
0 0.930469 0.456250 0.052344 0.083594
0 0.978125 0.556250 0.043750 0.071875
0 0.936719 0.390625 0.057813 0.075781
1 0.900781 0.500781 0.038281 0.041406
1 0.964063 0.414062 0.039062 0.086719
0 0.945312 0.495312 0.047656 0.072656
0 0.985156 0.501563 0.029687 0.051562
1 0.977344 0.444531 0.045312 0.053125
0 0.987500 0.410156 0.024219 0.066406
