1 0.545312 0.310156 0.128125 0.225000
1 0.206250 0.494531 0.131250 0.203125
1 0.317188 0.208594 0.109375 0.146875
0 0.028906 0.222656 0.057031 0.157812
0 0.151562 0.214062 0.064844 0.088281
0 0.397656 0.041406 0.085938 0.082812
0 0.411719 0.115625 0.052344 0.085156
0 0.349219 0.375000 0.092969 0.144531
0 0.279687 0.349219 0.060156 0.082031
0 0.375781 0.541406 0.120313 0.172656
0 0.439844 0.460938 0.121094 0.185156
0 0.434375 0.318750 0.099219 0.154688
0 0.237500 0.589063 0.081250 0.126562
1 0.272656 0.478125 0.040625 0.148438
1 0.882812 0.027344 0.156250 0.054688
0 0.156250 0.359375 0.063281 0.070312
