1 0.329688 0.465625 0.176563 0.192188
1 0.834375 0.154688 0.167187 0.209375
1 0.870313 0.610156 0.079687 0.117188
0 0.946875 0.131250 0.104688 0.176563
0 0.913281 0.265625 0.092188 0.151562
0 0.797656 0.325781 0.145313 0.146875
0 0.646094 0.417187 0.081250 0.090625
0 0.429688 0.513281 0.121875 0.132812
0 0.378906 0.667188 0.145313 0.170313
0 0.618750 0.696094 0.181250 0.257812
0 0.719531 0.856250 0.160938 0.223438
0 0.953906 0.793750 0.060937 0.096875
0 0.935156 0.615625 0.126562 0.156250
0 0.822656 0.782813 0.076563 0.115625
0 0.650781 0.899219 0.093750 0.087500
0 0.968750 0.703906 0.051562 0.104688
