0 0.111719 0.424219 0.062500 0.101562
0 0.149219 0.447656 0.057031 0.135156
0 0.247656 0.535156 0.032813 0.058594
0 0.281250 0.333594 0.067187 0.140625
0 0.296094 0.468750 0.046094 0.086719
1 0.283594 0.578906 0.065625 0.115625
0 0.361719 0.610938 0.082031 0.136719
1 0.406250 0.542969 0.096875 0.191406
1 0.464062 0.514062 0.093750 0.171094
0 0.473438 0.653906 0.079687 0.123438
0 0.516406 0.567187 0.067969 0.108594
0 0.509375 0.485156 0.054688 0.095312
0 0.625000 0.235937 0.082812 0.143750
0 0.817187 0.114062 0.121094 0.182812
