2 0.307812 0.331250 0.154688 0.240625
2 0.210938 0.410156 0.151562 0.237500
2 0.505469 0.431250 0.125000 0.217188
1 0.456250 0.632031 0.118750 0.123438
2 0.959375 0.428906 0.081250 0.139063
0 0.964844 0.606250 0.070312 0.150000
0 0.746094 0.452344 0.128125 0.189062
0 0.788281 0.231250 0.082812 0.125000
0 0.600781 0.449219 0.103125 0.150000
0 0.231250 0.642188 0.118750 0.195312
0 0.195312 0.905469 0.125000 0.189062
0 0.386719 0.678906 0.065625 0.095312
1 0.439844 0.528125 0.100000 0.171875
0 0.575000 0.356250 0.087500 0.153125
0 0.969531 0.324219 0.039062 0.118750
0 0.964063 0.504687 0.071875 0.106250
