2 0.728125 0.492188 0.109375 0.168750
2 0.636719 0.640625 0.098437 0.146875
0 0.244531 0.245312 0.125000 0.212500
0 0.165625 0.346094 0.087500 0.107813
2 0.253906 0.414844 0.135937 0.195312
0 0.885156 0.625000 0.089063 0.115625
2 0.411719 0.678125 0.106250 0.140625
2 0.069531 0.796875 0.067187 0.089063
2 0.316406 0.528906 0.053125 0.059375
2 0.269531 0.610156 0.068750 0.075000
1 0.586719 0.482031 0.067187 0.092188
2 0.661719 0.257812 0.062500 0.089063
0 0.482031 0.668750 0.060937 0.081250
0 0.440625 0.500000 0.062500 0.081250
