2 0.111719 0.300000 0.127344 0.217188
2 0.156250 0.609375 0.085156 0.128125
0 0.415625 0.345313 0.068750 0.112500
0 0.462500 0.355469 0.045312 0.085938
2 0.503125 0.342969 0.041406 0.082812
1 0.520312 0.410938 0.042188 0.084375
0 0.561719 0.293750 0.033594 0.056250
1 0.583594 0.533594 0.040625 0.074219
2 0.575781 0.681250 0.045312 0.083594
1 0.598437 0.135937 0.053906 0.085938
0 0.737500 0.392188 0.041406 0.068750
0 0.719531 0.509375 0.044531 0.056250
0 0.686719 0.636719 0.030469 0.054688
0 0.472656 0.471875 0.087500 0.142969
0 0.732031 0.675781 0.020312 0.032812
