2 0.410156 0.299219 0.118750 0.215625
2 0.502344 0.321094 0.089063 0.167187
2 0.445312 0.621094 0.071875 0.125000
1 0.500781 0.670312 0.054688 0.103125
0 0.635156 0.387500 0.076563 0.134375
2 0.651563 0.565625 0.064062 0.114062
2 0.706250 0.493750 0.053125 0.092188
2 0.682813 0.538281 0.037500 0.090625
2 0.840625 0.478906 0.059375 0.101562
0 0.896875 0.295312 0.053125 0.068750
0 0.748437 0.339062 0.048438 0.067187
2 0.803125 0.453125 0.035937 0.059375
0 0.953906 0.255469 0.054688 0.073438
2 0.771094 0.466406 0.023438 0.057813
1 0.758594 0.463281 0.032813 0.046875
