2 0.377344 0.734375 0.105469 0.185156
2 0.080469 0.637500 0.160156 0.250781
1 0.474219 0.783594 0.078906 0.128125
0 0.278125 0.660156 0.068750 0.096094
2 0.521875 0.419531 0.080469 0.150000
2 0.607031 0.595313 0.065625 0.114062
1 0.546875 0.573438 0.059375 0.118750
0 0.603125 0.530469 0.072656 0.116406
0 0.674219 0.474219 0.053906 0.082031
2 0.323437 0.374219 0.147656 0.280469
2 0.411719 0.437500 0.077344 0.146875
2 0.682031 0.634375 0.032813 0.064844
0 0.905469 0.500781 0.023438 0.026562
0 0.734375 0.658594 0.021875 0.039062
0 0.861719 0.215625 0.032813 0.040625
0 0.762500 0.473438 0.043750 0.053125
