2 0.808594 0.374219 0.078125 0.131250
2 0.642969 0.269531 0.084375 0.160938
2 0.371875 0.380469 0.078125 0.151562
1 0.664844 0.514062 0.059375 0.128125
1 0.943750 0.566406 0.054688 0.107813
0 0.089844 0.500000 0.034375 0.070312
2 0.428906 0.329688 0.067187 0.139063
0 0.782031 0.475000 0.050000 0.082812
0 0.670312 0.725781 0.037500 0.070312
1 0.735938 0.511719 0.059375 0.098437
0 0.425000 0.576562 0.053125 0.092188
0 0.043750 0.353906 0.065625 0.107813
0 0.975000 0.648438 0.028125 0.070312
0 0.029687 0.527344 0.031250 0.064062
