2 0.735938 0.796875 0.178125 0.200000
0 0.812500 0.701562 0.071875 0.106250
2 0.564844 0.708594 0.143750 0.179688
2 0.357031 0.475000 0.184375 0.242188
2 0.222656 0.348438 0.165625 0.212500
2 0.095312 0.345313 0.115625 0.182812
1 0.049219 0.315625 0.090625 0.115625
0 0.650000 0.318750 0.123438 0.145313
2 0.735156 0.307812 0.107813 0.196875
0 0.692969 0.491406 0.081250 0.121875
1 0.760156 0.528906 0.104688 0.187500
0 0.825000 0.539844 0.128125 0.170313
0 0.889062 0.399219 0.139063 0.145313
2 0.989844 0.603906 0.018750 0.075000
