2 0.339844 0.477344 0.058594 0.071875
2 0.342969 0.423438 0.057813 0.039844
0 0.409375 0.387500 0.034375 0.041406
1 0.452344 0.372656 0.050000 0.057813
1 0.412500 0.345313 0.059375 0.083594
0 0.020313 0.192188 0.033594 0.035156
0 0.213281 0.121875 0.038281 0.042969
0 0.517188 0.489063 0.046094 0.057031
0 0.546094 0.510156 0.025781 0.028125
1 0.627344 0.506250 0.053906 0.071094
2 0.591406 0.453125 0.079687 0.100781
0 0.866406 0.462500 0.036719 0.038281
0 0.918750 0.477344 0.044531 0.050000
2 0.903125 0.460156 0.064844 0.080469
