2 0.04140625 0.4890625 0.0484375 0.075
2 0.11875 0.62890625 0.05625 0.1171875
2 0.1578125 0.66171875 0.0484375 0.08125
2 0.65078125 0.68046875 0.0484375 0.0703125
2 0.68515625 0.746875 0.0578125 0.1015625
2 0.75390625 0.625 0.05625 0.103125
1 0.434375 0.6484375 0.0515625 0.103125
1 0.20390625 0.68125 0.025 0.0640625
0 0.178125 0.68515625 0.025 0.05625
0 0.03125 0.521875 0.028125 0.0375
0 0.4671875 0.70546875 0.025 0.065625
0 0.48359375 0.66640625 0.028125 0.0640625
0 0.48984375 0.725 0.0234375 0.0390625
0 0.553125 0.72265625 0.03125 0.0609375
0 0.51015625 0.671875 0.0265625 0.0859375
0 0.6375 0.74296875 0.028125 0.059375
0 0.73046875 0.69296875 0.028125 0.053125
0 0.76015625 0.6921875 0.025 0.0421875
0 0.8140625 0.6609375 0.0484375 0.075
0 0.87890625 0.71484375 0.034375 0.0609375
0 0.915625 0.665625 0.040625 0.0828125
0 0.9515625 0.728125 0.0375 0.05625
0 0.97578125 0.73125 0.03125 0.0578125