2 0.73125 0.60859375 0.1171875 0.2375
2 0.61953125 0.51171875 0.109375 0.203125
2 0.47421875 0.79375 0.1140625 0.153125
0 0.290625 0.4546875 0.08828125 0.10546875
0 0.5234375 0.44453125 0.0421875 0.09609375
0 0.30546875 0.58203125 0.0453125 0.09140625
0 0.3125 0.7359375 0.059375 0.11875
1 0.459375 0.690625 0.07890625 0.16796875
2 0.20390625 0.79453125 0.05703125 0.1265625
2 0.15703125 0.86015625 0.0625 0.1140625
2 0.10234375 0.7546875 0.05390625 0.08203125
2 0.078125 0.81640625 0.04609375 0.09375