2 0.15 0.6453125 0.059375 0.10625
2 0.08671875 0.67734375 0.0640625 0.1140625
2 0.01953125 0.70390625 0.0390625 0.121875
2 0.4265625 0.61640625 0.059375 0.1140625
2 0.54609375 0.5859375 0.05625 0.1
2 0.65078125 0.6484375 0.0671875 0.11875
2 0.88671875 0.61953125 0.0515625 0.0984375
2 0.9578125 0.57421875 0.065625 0.1
2 0.91640625 0.57734375 0.0296875 0.090625
1 0.39375 0.6546875 0.04375 0.090625
0 0.46484375 0.4171875 0.0546875 0.096875
0 0.853125 0.665625 0.0421875 0.0796875
0 0.81171875 0.6703125 0.0359375 0.0703125
0 0.603125 0.65078125 0.03125 0.05
0 0.446875 0.7015625 0.034375 0.071875
0 0.49375 0.53828125 0.0375 0.0703125
0 0.3953125 0.49140625 0.0453125 0.0890625
0 0.04453125 0.721875 0.0375 0.0859375
0 0.9625 0.62578125 0.0484375 0.0703125