0 0.0265625 0.58828125 0.053125 0.1015625
2 0.02734375 0.5984375 0.0546875 0.140625
2 0.0828125 0.52109375 0.1015625 0.1609375
0 0.16875 0.54453125 0.0640625 0.071875
2 0.14921875 0.5703125 0.04375 0.0640625
0 0.25 0.6203125 0.071875 0.1328125
0 0.30625 0.6046875 0.046875 0.0859375
2 0.36796875 0.5890625 0.0828125 0.1359375
0 0.36171875 0.4546875 0.046875 0.0859375
0 0.415625 0.440625 0.059375 0.103125
0 0.44609375 0.52578125 0.065625 0.1265625
1 0.50390625 0.51796875 0.06875 0.128125
0 0.50546875 0.42109375 0.06875 0.096875
0 0.5515625 0.49296875 0.0421875 0.090625
0 0.59765625 0.43125 0.0671875 0.125
1 0.6625 0.359375 0.059375 0.1203125
0 0.71171875 0.36953125 0.0609375 0.0984375
2 0.75 0.35859375 0.084375 0.15
1 0.96328125 0.55078125 0.0734375 0.1265625
0 0.95 0.4640625 0.0703125 0.115625