1 0.4578125 0.4984375 0.0875 0.1515625
0 0.6078125 0.70625 0.0703125 0.1328125
0 0.74375 0.70078125 0.0484375 0.06875
2 0.590625 0.40703125 0.1140625 0.2484375
1 0.6375 0.60390625 0.090625 0.1734375
0 0.34609375 0.40234375 0.04375 0.128125
0 0.5265625 0.61953125 0.0453125 0.08125
0 0.5375 0.47421875 0.0546875 0.115625
2 0.30390625 0.2328125 0.1296875 0.1921875
0 0.378125 0.39375 0.06875 0.1390625
0 0.4109375 0.434375 0.03125 0.053125
0 0.19609375 0.0890625 0.053125 0.075
0 0.1984375 0.0328125 0.078125 0.065625