2 0.04140625 0.3796875 0.0828125 0.2
2 0.06640625 0.08671875 0.125 0.1734375
2 0.175 0.3984375 0.0953125 0.15
2 0.44609375 0.41875 0.1375 0.25625
1 0.29296875 0.5890625 0.1265625 0.234375
1 0.42578125 0.7046875 0.1421875 0.259375
0 0.69765625 0.45234375 0.1296875 0.2203125
0 0.67890625 0.8 0.0640625 0.140625
0 0.51953125 0.9453125 0.0671875 0.109375
0 0.390625 0.46640625 0.1171875 0.23125
0 0.17109375 0.13046875 0.115625 0.215625
0 0.103125 0.47578125 0.078125 0.10625
0 0.48671875 0.3203125 0.1015625 0.1625