2 0.3859375 0.44453125 0.1796875 0.2359375
2 0.7234375 0.403125 0.121875 0.146875
2 0.60859375 0.47421875 0.13125 0.20625
2 0.89375 0.46875 0.0703125 0.103125
1 0.51875 0.53125 0.1296875 0.1875
1 0.69375 0.54765625 0.075 0.1328125
1 0.859375 0.45625 0.0765625 0.0984375
1 0.93984375 0.4390625 0.0453125 0.075
1 0.9765625 0.52578125 0.046875 0.0671875
0 0.95234375 0.321875 0.04375 0.0703125
0 0.82421875 0.578125 0.05625 0.0546875
0 0.8296875 0.5296875 0.05 0.053125
1 0.86015625 0.3953125 0.0890625 0.0515625
0 0.9703125 0.48046875 0.04375 0.03125