0 0.040625 0.3609375 0.08125 0.1484375
0 0.28984375 0.4421875 0.059375 0.1203125
2 0.37109375 0.446875 0.1015625 0.1953125
0 0.43828125 0.34921875 0.059375 0.1171875
0 0.45078125 0.3828125 0.0765625 0.1828125
0 0.51484375 0.2640625 0.0765625 0.165625
0 0.5328125 0.2265625 0.08125 0.13125
0 0.575 0.41953125 0.0734375 0.184375
0 0.65546875 0.51171875 0.078125 0.15
0 0.6859375 0.4296875 0.071875 0.11875
0 0.71328125 0.33671875 0.078125 0.1578125
0 0.78984375 0.5140625 0.059375 0.10625
1 0.9609375 0.31875 0.078125 0.1859375
0 0.984375 0.37890625 0.03125 0.1453125
0 0.0234375 0.4296875 0.046875 0.1015625