2 0.11640625 0.2875 0.0921875 0.1640625
2 0.07421875 0.35 0.0859375 0.1453125
2 0.58828125 0.1953125 0.10625 0.1828125
2 0.86953125 0.14453125 0.1203125 0.24375
2 0.49375 0.1703125 0.103125 0.196875
1 0.76875 0.171875 0.0859375 0.18125
1 0.55625 0.35390625 0.075 0.165625
1 0.4 0.34765625 0.078125 0.1140625
0 0.03046875 0.26640625 0.0609375 0.115625
0 0.446875 0.240625 0.071875 0.1359375
0 0.3890625 0.4046875 0.0546875 0.096875
0 0.7046875 0.16484375 0.059375 0.121875
0 0.621875 0.34921875 0.053125 0.1