0 0.1484375 0.11015625 0.0703125 0.0828125
2 0.16796875 0.31015625 0.0875 0.153125
0 0.2171875 0.30390625 0.0703125 0.10625
0 0.21640625 0.1859375 0.0953125 0.1359375
0 0.27578125 0.0671875 0.0734375 0.09375
0 0.228125 0.0921875 0.04375 0.05625
0 0.38125 0.1234375 0.0734375 0.1
0 0.36171875 0.25625 0.040625 0.0796875
1 0.40703125 0.2890625 0.0890625 0.15625
0 0.49609375 0.2828125 0.071875 0.11875
2 0.5421875 0.3453125 0.1078125 0.1765625
1 0.6796875 0.103125 0.08125 0.13125
2 0.753125 0.14765625 0.0953125 0.1546875
2 0.9640625 0.07578125 0.071875 0.1515625