2 0.24609375 0.35625 0.0734375 0.121875
2 0.009375 0.35625 0.0171875 0.1046875
0 0.19453125 0.38515625 0.05 0.0734375
1 0.31015625 0.38125 0.0484375 0.078125
1 0.47734375 0.2703125 0.0875 0.1453125
2 0.7640625 0.215625 0.065625 0.13125
2 0.92421875 0.14765625 0.075 0.1390625
1 0.98046875 0.165625 0.0390625 0.1140625
1 0.88046875 0.2109375 0.0625 0.0953125
0 0.8765625 0.275 0.05 0.0546875
0 0.51640625 0.39609375 0.04375 0.0609375
0 0.4421875 0.35234375 0.05 0.0765625
1 0.55703125 0.3125 0.0546875 0.109375