2 0.534375 0.29140625 0.096875 0.2140625
2 0.40859375 0.696875 0.0765625 0.1125
2 0.4515625 0.5203125 0.084375 0.165625
2 0.6390625 0.69296875 0.121875 0.1921875
0 0.715625 0.74921875 0.078125 0.1109375
1 0.62734375 0.753125 0.1046875 0.190625
1 0.3703125 0.5359375 0.08125 0.140625
1 0.390625 0.340625 0.0875 0.15625
0 0.4578125 0.3046875 0.059375 0.128125
0 0.215625 0.34453125 0.0875 0.1515625
0 0.28359375 0.36953125 0.0578125 0.1046875
0 0.3328125 0.4109375 0.05 0.103125
0 0.29140625 0.21171875 0.0359375 0.0671875
0 0.12265625 0.33984375 0.0421875 0.0609375
2 0.0140625 0.34609375 0.025 0.1109375
0 0.015625 0.2890625 0.028125 0.059375
0 0.02265625 0.24765625 0.0359375 0.0578125
2 0.38359375 0.43984375 0.0515625 0.0578125