0 0.25078125 0.4125 0.0609375 0.1
0 0.25546875 0.19765625 0.053125 0.1140625
0 0.30234375 0.15234375 0.103125 0.19375
0 0.3921875 0.46953125 0.0859375 0.1546875
0 0.059375 0.6171875 0.075 0.09375
0 0.0140625 0.6171875 0.028125 0.1515625
0 0.46875 0.5328125 0.0625 0.1109375
0 0.5328125 0.44375 0.121875 0.2078125
0 0.58984375 0.71484375 0.0875 0.1484375
0 0.6734375 0.55625 0.1015625 0.1578125
0 0.640625 0.41484375 0.0671875 0.1203125
2 0.378125 0.734375 0.10625 0.165625
2 0.29609375 0.73984375 0.1015625 0.184375
2 0.44140625 0.39765625 0.09375 0.1265625
1 0.04921875 0.5234375 0.0984375 0.10625
1 0.9109375 0.55234375 0.125 0.178125