0 0.72890625 0.36171875 0.0453125 0.03828125
0 0.73359375 0.39921875 0.04296875 0.034375
2 0.7765625 0.44296875 0.040625 0.0359375
0 0.76171875 0.46484375 0.05625 0.0265625
0 0.29453125 0.49140625 0.02421875 0.02265625
0 0.11328125 0.4921875 0.0390625 0.01875
0 0.22265625 0.51953125 0.034375 0.03984375
0 0.30546875 0.521875 0.040625 0.04296875
2 0.159375 0.5234375 0.059375 0.05
2 0.7703125 0.52421875 0.078125 0.06640625
0 0.7171875 0.6265625 0.0453125 0.03515625
0 0.66796875 0.63203125 0.025 0.0265625
0 0.22578125 0.021875 0.0390625 0.04375
0 0.4140625 0.2265625 0.04921875 0.0359375