2 0.4484375 0.42109375 0.1140625 0.1921875
2 0.30625 0.35390625 0.0875 0.09375
2 0.31953125 0.43203125 0.0703125 0.0875
1 0.0328125 0.48828125 0.0640625 0.084375
0 0.090625 0.45078125 0.05625 0.103125
1 0.134375 0.46875 0.0828125 0.1203125
1 0.3625 0.5984375 0.084375 0.1484375
1 0.9234375 0.68203125 0.0921875 0.2046875
1 0.1203125 0.21640625 0.078125 0.1171875
2 0.0125 0.4140625 0.025 0.0828125
0 0.02421875 0.29609375 0.04375 0.0734375
0 0.01015625 0.3421875 0.0203125 0.0546875
0 0.12890625 0.15625 0.0609375 0.08125
0 0.221875 0.1953125 0.0578125 0.0890625
0 0.240625 0.15703125 0.0375 0.053125
0 0.22265625 0.08125 0.0765625 0.140625
0 0.47734375 0.5984375 0.084375 0.14375
0 0.96484375 0.67265625 0.0703125 0.1875