2 0.19140625 0.73125 0.0625 0.0984375
1 0.11484375 0.79140625 0.0484375 0.06875
1 0.50078125 0.43515625 0.0671875 0.0859375
2 0.528125 0.45625 0.05 0.0875
0 0.52265625 0.5484375 0.025 0.04375
1 0.61171875 0.50703125 0.0421875 0.0734375
2 0.640625 0.4984375 0.0453125 0.0875
2 0.6515625 0.58359375 0.053125 0.0859375
2 0.58671875 0.58203125 0.04375 0.0703125
0 0.6125 0.6296875 0.0328125 0.0453125
0 0.91640625 0.6328125 0.0359375 0.0515625
2 0.890625 0.6125 0.0453125 0.059375
2 0.84765625 0.58046875 0.034375 0.059375
2 0.9171875 0.50859375 0.040625 0.0625
2 0.92890625 0.465625 0.040625 0.071875
2 0.9890625 0.478125 0.021875 0.0875