0 0.10625 0.6375 0.1578125 0.153125
0 0.25703125 0.79453125 0.1046875 0.1359375
0 0.22265625 0.77890625 0.125 0.1875
1 0.15390625 0.80625 0.1234375 0.190625
1 0.0609375 0.825 0.0921875 0.15625
0 0.02890625 0.8765625 0.0578125 0.18125
1 0.59921875 0.4328125 0.0984375 0.1640625
0 0.6625 0.4359375 0.078125 0.14375
0 0.6328125 0.559375 0.0578125 0.1015625
0 0.703125 0.6765625 0.0671875 0.10625
0 0.684375 0.5921875 0.0578125 0.09375
0 0.71875 0.57109375 0.0859375 0.13125
0 0.746875 0.46640625 0.065625 0.08125
0 0.8046875 0.48203125 0.0390625 0.1015625
0 0.77109375 0.62890625 0.0390625 0.0609375
0 0.78359375 0.66484375 0.0515625 0.075
0 0.8390625 0.7125 0.0375 0.0515625
0 0.83984375 0.4796875 0.059375 0.078125
0 0.846875 0.525 0.0328125 0.0515625
1 0.95078125 0.53984375 0.0875 0.1109375
0 0.925 0.58203125 0.065625 0.08125
0 0.88203125 0.12109375 0.0578125 0.0703125
0 0.8875 0.16328125 0.046875 0.0484375