0 0.25703125 0.62578125 0.1046875 0.1578125
0 0.31640625 0.74453125 0.1046875 0.1546875
0 0.44375 0.6953125 0.05625 0.096875
0 0.3109375 0.84921875 0.0390625 0.0734375
1 0.275 0.590625 0.1546875 0.240625
0 0.509375 0.39453125 0.059375 0.125
1 0.55625 0.33203125 0.0984375 0.1796875
0 0.58671875 0.409375 0.065625 0.1140625
0 0.8203125 0.12421875 0.059375 0.1109375
0 0.7296875 0.13125 0.05625 0.11875
0 0.7234375 0.16640625 0.0828125 0.1390625
0 0.77578125 0.3390625 0.0765625 0.128125
0 0.809375 0.5875 0.0484375 0.078125
0 0.834375 0.52734375 0.0453125 0.08125
0 0.86328125 0.56328125 0.0453125 0.065625
0 0.84765625 0.3921875 0.04375 0.078125
0 0.8796875 0.4625 0.0890625 0.11875
0 0.93046875 0.45625 0.053125 0.084375
0 0.978125 0.55625 0.04375 0.071875
0 0.93671875 0.390625 0.0578125 0.0765625
1 0.9640625 0.4140625 0.0390625 0.0875
0 0.9453125 0.4953125 0.0484375 0.0734375
0 0.98515625 0.5015625 0.0296875 0.0515625
1 0.97734375 0.44453125 0.0453125 0.053125
0 0.9875 0.41015625 0.025 0.0671875