0 0.74453125 0.5953125 0.14375 0.1859375
0 0.625 0.5609375 0.1046875 0.140625
0 0.56875 0.609375 0.10625 0.153125
0 0.55703125 0.41640625 0.0890625 0.1140625
0 0.609375 0.33359375 0.096875 0.15
0 0.38203125 0.23515625 0.065625 0.0859375
0 0.36953125 0.13828125 0.0671875 0.078125
0 0.2203125 0.4234375 0.109375 0.1390625
0 0.37578125 0.41875 0.0609375 0.0734375
0 0.43359375 0.50859375 0.1 0.15625
0 0.1875 0.30859375 0.1 0.1234375
1 0.54140625 0.4828125 0.1609375 0.2140625
2 0.95078125 0.53046875 0.0984375 0.134375