0 0.03515625 0.37890625 0.053125 0.0625
0 0.1484375 0.43828125 0.065625 0.0765625
0 0.1640625 0.365625 0.0890625 0.1109375
0 0.24375 0.40859375 0.0984375 0.13125
0 0.23984375 0.3171875 0.103125 0.096875
1 0.28671875 0.271875 0.0984375 0.1234375
0 0.3015625 0.54765625 0.0625 0.0703125
1 0.3875 0.4359375 0.115625 0.1140625
0 0.40390625 0.35625 0.121875 0.10625
0 0.54921875 0.415625 0.1140625 0.140625
0 0.571875 0.5390625 0.0546875 0.05
0 0.64140625 0.4875 0.1078125 0.1140625
0 0.6421875 0.3375 0.0890625 0.1296875
1 0.7578125 0.50546875 0.1453125 0.1390625
0 0.74296875 0.40078125 0.06875 0.071875
0 0.92421875 0.4609375 0.0796875 0.08125
0 0.8421875 0.41484375 0.04375 0.053125
0 0.91171875 0.3625 0.115625 0.096875
0 0.9703125 0.34765625 0.05625 0.09375
1 0.95234375 0.16171875 0.0921875 0.1296875
0 0.98359375 0.48046875 0.0328125 0.0546875
0 0.85703125 0.0609375 0.05625 0.053125