0 0.11171875 0.42421875 0.0625 0.1015625
0 0.14921875 0.44765625 0.0578125 0.1359375
0 0.24765625 0.53515625 0.0328125 0.059375
0 0.28125 0.33359375 0.0671875 0.140625
0 0.29609375 0.46875 0.046875 0.0875
1 0.28359375 0.57890625 0.065625 0.115625
0 0.36171875 0.6109375 0.0828125 0.1375
1 0.40625 0.54296875 0.096875 0.1921875
1 0.4640625 0.5140625 0.09375 0.171875
0 0.4734375 0.65390625 0.0796875 0.1234375
0 0.51640625 0.5671875 0.06875 0.109375
0 0.509375 0.48515625 0.0546875 0.0953125
0 0.625 0.2359375 0.0828125 0.14375
0 0.8171875 0.1140625 0.121875 0.1828125