0 0.496875 0.2625 0.04296875 0.02265625
0 0.26328125 0.41640625 0.059375 0.0359375
0 0.6375 0.44375 0.0234375 0.02109375
0 0.69140625 0.4515625 0.0296875 0.028125
2 0.28984375 0.4703125 0.09375 0.0375
0 0.5859375 0.4765625 0.03359375 0.034375
1 0.7125 0.49453125 0.02734375 0.03125
0 0.74453125 0.5375 0.03046875 0.01953125
1 0.353125 0.55546875 0.04921875 0.04140625
0 0.3328125 0.784375 0.0234375 0.02734375
0 0.72421875 0.0796875 0.034375 0.03125
0 0.6375 0.8703125 0.03359375 0.02734375
1 0.68203125 0.9015625 0.05390625 0.0421875
1 0.68515625 0.9296875 0.07890625 0.0328125
2 0.6515625 0.10234375 0.04375 0.0359375
2 0.29453125 0.015625 0.065625 0.0265625
2 0.6171875 0.1875 0.04296875 0.040625
2 0.56484375 0.18984375 0.03984375 0.04296875