2 0.7265625 0.471875 0.0859375 0.1578125
2 0.61328125 0.33984375 0.078125 0.1375
0 0.2875 0.79140625 0.0953125 0.2
0 0.19375 0.7046875 0.0734375 0.0984375
2 0.2703125 0.62265625 0.109375 0.1796875
0 0.8609375 0.31640625 0.0734375 0.10625
2 0.38515625 0.3375 0.0875 0.1296875
2 0.028125 0.27421875 0.0546875 0.08125
2 0.3140625 0.5 0.046875 0.053125
2 0.25546875 0.42734375 0.059375 0.0671875
1 0.58828125 0.50390625 0.0546875 0.0859375
2 0.69765625 0.7140625 0.0515625 0.0828125
0 0.45546875 0.3359375 0.05 0.075
0 0.44140625 0.509375 0.0515625 0.075