2 0.46015625 0.2953125 0.0765625 0.153125
2 0.44609375 0.4359375 0.0796875 0.1421875
2 0.4609375 0.34765625 0.0828125 0.1046875
1 0.5375 0.4546875 0.05 0.10625
0 0.49921875 0.44921875 0.0328125 0.071875
0 0.49375 0.46171875 0.0390625 0.0765625
2 0.69375 0.34609375 0.04375 0.0765625
2 0.83125 0.41640625 0.034375 0.0609375
2 0.88515625 0.3609375 0.0234375 0.040625
2 0.91640625 0.3625 0.0234375 0.0390625
2 0.94765625 0.3921875 0.0203125 0.0375
2 0.93125 0.36875 0.0203125 0.0484375
2 0.9109375 0.33125 0.0265625 0.0484375
2 0.93984375 0.32265625 0.0203125 0.04375
1 0.76328125 0.2859375 0.05 0.0890625
0 0.83671875 0.26328125 0.034375 0.0703125
0 0.81328125 0.27265625 0.0171875 0.034375
0 0.74765625 0.278125 0.03125 0.0578125
1 0.96796875 0.378125 0.0203125 0.0296875
0 0.92734375 0.33046875 0.0203125 0.0359375