0 0.7765625 0.2625 0.04296875 0.0375
0 0.78046875 0.3 0.0359375 0.025
2 0.81875 0.34921875 0.05 0.0359375
0 0.17265625 0.4015625 0.0390625 0.01796875
0 0.28125 0.42734375 0.0390625 0.03984375
0 0.3609375 0.42734375 0.03828125 0.0421875
2 0.83125 0.42734375 0.05390625 0.0609375
2 0.22109375 0.43203125 0.05859375 0.05
0 0.5859375 0.521875 0.02421875 0.0234375
0 0.72109375 0.525 0.02265625 0.028125
0 0.76875 0.52578125 0.0515625 0.034375
0 0.459375 0.1328125 0.04921875 0.0359375
1 0.025 0.15 0.05 0.03203125