2 0.11171875 0.3 0.128125 0.2171875
2 0.15625 0.609375 0.0859375 0.128125
0 0.415625 0.3453125 0.06875 0.1125
0 0.4625 0.35546875 0.0453125 0.0859375
2 0.503125 0.34296875 0.0421875 0.0828125
1 0.5203125 0.4109375 0.0421875 0.084375
0 0.56171875 0.29375 0.034375 0.05625
1 0.58359375 0.53359375 0.040625 0.075
2 0.57578125 0.68125 0.0453125 0.0828125
1 0.5984375 0.1359375 0.0546875 0.0859375
0 0.7375 0.3921875 0.0421875 0.06875
0 0.71953125 0.509375 0.04375 0.05625
0 0.68671875 0.63671875 0.03125 0.0546875
0 0.47265625 0.471875 0.0875 0.14375