1 0.49921875 0.4890625 0.115625 0.196875
2 0.32890625 0.6453125 0.046875 0.08125
1 0.42734375 0.7578125 0.053125 0.0828125
2 0.25390625 0.603125 0.040625 0.0703125
2 0.49453125 0.7015625 0.0828125 0.1453125
2 0.9609375 0.9109375 0.078125 0.1703125
2 0.815625 0.19453125 0.1453125 0.2234375
2 0.2078125 0.43125 0.0265625 0.05
2 0.2484375 0.2984375 0.0421875 0.078125
2 0.31796875 0.3578125 0.0453125 0.0984375
2 0.4515625 0.63515625 0.05625 0.1015625
0 0.225 0.384375 0.0390625 0.0671875
2 0.2609375 0.48359375 0.0515625 0.09375
2 0.2703125 0.5484375 0.04375 0.075