0 0.28046875 0.5265625 0.0515625 0.109375
2 0.25 0.3609375 0.071875 0.1296875
1 0.3265625 0.54765625 0.0375 0.0953125
1 0.01953125 0.5828125 0.0375 0.1015625
0 0.15390625 0.87109375 0.04375 0.0734375
2 0.22421875 0.8140625 0.0625 0.0828125
2 0.19296875 0.728125 0.0265625 0.05
0 0.490625 0.49296875 0.046875 0.1046875
1 0.565625 0.49140625 0.0671875 0.146875
1 0.62109375 0.41875 0.0640625 0.146875
1 0.940625 0.56640625 0.0453125 0.128125
2 0.9546875 0.38515625 0.0515625 0.1109375
0 0.9703125 0.65625 0.0328125 0.059375
0 0.92421875 0.65390625 0.0265625 0.05625