2 0.79609375 0.63046875 0.04375 0.0921875
2 0.975 0.54609375 0.0375 0.0921875
0 0.44921875 0.7578125 0.034375 0.0875
2 0.515625 0.55 0.053125 0.125
1 0.234375 0.31953125 0.05 0.10625
2 0.6125 0.56484375 0.0515625 0.1375
0 0.43984375 0.6140625 0.046875 0.0984375
0 0.6640625 0.66171875 0.0453125 0.0953125
1 0.88203125 0.58671875 0.0453125 0.0984375
0 0.84375 0.740625 0.0421875 0.0734375
0 0.1265625 0.40078125 0.03125 0.0765625
0 0.89921875 0.66796875 0.025 0.0515625
0 0.98984375 0.64140625 0.0203125 0.08125