0 0.2515625 0.45 0.0515625 0.1203125
0 0.3125 0.4796875 0.0328125 0.071875
0 0.35 0.60625 0.0578125 0.1203125
0 0.87265625 0.5578125 0.021875 0.0609375
0 0.3140625 0.30546875 0.0515625 0.1140625
0 0.81484375 0.4828125 0.0578125 0.1046875
0 0.9796875 0.4375 0.0296875 0.0640625
0 0.778125 0.16953125 0.03125 0.05625
0 0.8421875 0.24296875 0.0390625 0.0765625
0 0.690625 0.2296875 0.0390625 0.090625
2 0.4015625 0.52578125 0.065625 0.153125
0 0.61875 0.2625 0.0328125 0.06875
0 0.3671875 0.45859375 0.0375 0.0703125
2 0.884375 0.25390625 0.0515625 0.103125
0 0.92109375 0.29921875 0.034375 0.053125