2 0.4390625 0.33125 0.071875 0.1734375
2 0.2765625 0.26171875 0.065625 0.153125
2 0.10859375 0.41015625 0.05 0.1203125
1 0.7609375 0.521875 0.05 0.1296875
1 0.35234375 0.50234375 0.053125 0.121875
1 0.43671875 0.47421875 0.059375 0.121875
0 0.1859375 0.578125 0.0328125 0.06875
0 0.38515625 0.44296875 0.0453125 0.0921875
0 0.3078125 0.71328125 0.0265625 0.05625
2 0.13984375 0.3578125 0.025 0.1125
0 0.8109375 0.62734375 0.046875 0.0984375
0 0.89140625 0.41796875 0.04375 0.078125
0 0.25234375 0.50859375 0.03125 0.0625
1 0.96796875 0.465625 0.0390625 0.1078125