2 0.790625 0.3375 0.0640625 0.125
2 0.6140625 0.25390625 0.0671875 0.1546875
2 0.35859375 0.396875 0.0609375 0.1453125
1 0.665625 0.49375 0.04375 0.1234375
1 0.9484375 0.51171875 0.04375 0.103125
0 0.09296875 0.55 0.0265625 0.0671875
2 0.40859375 0.33984375 0.0515625 0.134375
0 0.7765625 0.440625 0.0421875 0.0796875
0 0.696875 0.703125 0.0296875 0.06875
1 0.7359375 0.4828125 0.0484375 0.09375
0 0.43515625 0.58515625 0.04375 0.0875
0 0.0296875 0.4109375 0.053125 0.1015625
0 0.98984375 0.5890625 0.0203125 0.0671875