1 0.75234375 0.42109375 0.05625 0.1296875
2 0.521875 0.18046875 0.071875 0.1296875
2 0.93515625 0.51328125 0.028125 0.084375
0 0.54765625 0.3 0.0546875 0.0890625
2 0.62265625 0.62734375 0.0703125 0.1453125
1 0.91328125 0.41796875 0.0453125 0.1046875
2 0.21484375 0.3375 0.0578125 0.128125
0 0.95859375 0.48125 0.0390625 0.1
0 0.4578125 0.678125 0.0375 0.071875
0 0.171875 0.38203125 0.046875 0.103125
0 0.92265625 0.1953125 0.0609375 0.0796875
1 0.92265625 0.1953125 0.0609375 0.0796875
2 0.97734375 0.31953125 0.0453125 0.1265625