2 0.03671875 0.46640625 0.0265625 0.0625
2 0.12265625 0.5703125 0.0328125 0.0765625
2 0.0515625 0.56015625 0.0171875 0.059375
1 0.159375 0.62265625 0.028125 0.0546875
0 0.26796875 0.58359375 0.0171875 0.0390625
1 0.271875 0.4640625 0.0359375 0.0765625
0 0.32265625 0.51328125 0.0328125 0.0703125
2 0.38203125 0.465625 0.046875 0.09375
2 0.47578125 0.53828125 0.0359375 0.08125
0 0.38203125 0.625 0.0234375 0.0546875
0 0.44921875 0.59921875 0.0265625 0.0484375
2 0.65546875 0.50390625 0.0390625 0.090625
2 0.73828125 0.47578125 0.034375 0.0765625
0 0.7265625 0.52109375 0.0203125 0.040625
0 0.6890625 0.5796875 0.025 0.053125
0 0.67734375 0.6453125 0.01875 0.0390625