1 0.7921875 0.3140625 0.0609375 0.03984375
2 0.69453125 0.4609375 0.03671875 0.0375
0 0.73046875 0.475 0.0359375 0.0328125
1 0.22578125 0.546875 0.0796875 0.05
0 0.7609375 0.5546875 0.06328125 0.0375
0 0.5984375 0.596875 0.0375 0.02578125
2 0.68359375 0.60546875 0.0921875 0.08515625
0 0.45234375 0.66640625 0.04609375 0.0421875
1 0.15 0.8609375 0.059375 0.04140625
0 0.63984375 0.90078125 0.05625 0.040625
0 0.4640625 0.93046875 0.05078125 0.03046875
0 0.89921875 0.959375 0.040625 0.02265625
0 0.9609375 0.99140625 0.034375 0.0171875
0 0.60234375 0.18515625 0.03046875 0.046875