0 0.02421875 0.2953125 0.0484375 0.134375
0 0.05 0.6015625 0.0984375 0.2171875
0 0.1703125 0.61484375 0.0828125 0.1609375
1 0.26640625 0.47265625 0.115625 0.2359375
2 0.42421875 0.34765625 0.103125 0.190625
2 0.534375 0.33359375 0.1015625 0.2125
0 0.61640625 0.3796875 0.0515625 0.09375
0 0.68828125 0.5125 0.0765625 0.13125
0 0.63515625 0.653125 0.046875 0.1203125
2 0.77578125 0.41328125 0.1203125 0.2171875
0 0.80859375 0.46953125 0.075 0.128125
0 0.9734375 0.57109375 0.053125 0.1453125
2 0.009375 0.390625 0.01875 0.103125