2 0.74140625 0.20703125 0.175 0.196875
0 0.815625 0.30390625 0.0703125 0.10625
2 0.56875 0.2921875 0.1421875 0.1765625
2 0.35625 0.52265625 0.18125 0.240625
2 0.2203125 0.646875 0.1625 0.209375
2 0.09296875 0.64765625 0.1125 0.18125
1 0.04609375 0.6765625 0.0890625 0.1140625
0 0.646875 0.68359375 0.121875 0.14375
2 0.73203125 0.69609375 0.1046875 0.1953125
0 0.69296875 0.51171875 0.0796875 0.1203125
1 0.7609375 0.47578125 0.1015625 0.1859375
0 0.82578125 0.465625 0.1265625 0.16875
0 0.8875 0.6078125 0.1375 0.14375
2 0.99140625 0.4046875 0.0171875 0.075