0 0.60390625 0.02734375 0.028125 0.0203125
0 0.36484375 0.3 0.0421875 0.03984375
2 0.2859375 0.3640625 0.059375 0.034375
2 0.771875 0.36875 0.04140625 0.02578125
0 0.74609375 0.378125 0.0328125 0.021875
0 0.2765625 0.38515625 0.0453125 0.02109375
0 0.6921875 0.46015625 0.02109375 0.0265625
2 0.61484375 0.48203125 0.0390625 0.0328125
2 0.56484375 0.5578125 0.03671875 0.0390625
2 0.51171875 0.55859375 0.03671875 0.0359375
2 0.76640625 0.06015625 0.02578125 0.0203125
0 0.43203125 0.621875 0.034375 0.01953125
0 0.175 0.72265625 0.05546875 0.0375
2 0.17734375 0.790625 0.075 0.04375
0 0.5890625 0.81484375 0.02890625 0.0234375
0 0.48125 0.83828125 0.02265625 0.025
0 0.603125 0.853125 0.028125 0.03046875
1 0.23046875 0.88828125 0.0546875 0.03671875
2 0.74609375 0.13828125 0.03984375 0.04140625
0 0.61875 0.190625 0.03359375 0.01796875
2 0.565625 0.19921875 0.04609375 0.028125
0 0.53984375 0.22109375 0.02109375 0.025