2 0.24296875 0.3328125 0.078125 0.12890625
2 0.40703125 0.3859375 0.071875 0.1234375
2 0.35390625 0.56875 0.09453125 0.11484375
2 0.446875 0.5734375 0.07421875 0.115625
2 0.5140625 0.61796875 0.0734375 0.0796875
2 0.95625 0.1984375 0.03828125 0.05859375
0 0.35 0.06328125 0.05078125 0.071875
0 0.1875 0.19296875 0.0484375 0.0703125
0 0.3140625 0.2484375 0.0453125 0.109375
0 0.4609375 0.21015625 0.0375 0.0921875
0 0.571875 0.5296875 0.0421875 0.06015625
0 0.46484375 0.5375 0.046875 0.0765625
1 0.54609375 0.81875 0.04609375 0.0609375
0 0.49140625 0.7703125 0.03828125 0.05859375
2 0.5296875 0.40234375 0.05859375 0.11171875
0 0.4484375 0.053125 0.040625 0.0640625