1 0.68515625 0.25546875 0.05390625 0.0421875
1 0.6625 0.3359375 0.05546875 0.0390625
2 0.66328125 0.3734375 0.08828125 0.0609375
0 0.51796875 0.3796875 0.02578125 0.02421875
0 0.49375 0.40078125 0.03125 0.03515625
0 0.54609375 0.43125 0.0390625 0.0484375
0 0.73828125 0.49921875 0.05390625 0.03359375
2 0.49140625 0.53046875 0.0671875 0.05625
0 0.453125 0.55390625 0.0421875 0.03359375
0 0.4671875 0.60390625 0.06484375 0.02890625
0 0.4 0.621875 0.0671875 0.03359375
0 0.49609375 0.65390625 0.028125 0.0203125
0 0.79453125 0.92109375 0.0375 0.0328125
0 0.8125 0.94140625 0.04296875 0.03671875
1 0.81328125 0.9765625 0.046875 0.0375