2 0.15 0.72890625 0.12734375 0.24609375
2 0.2296875 0.58984375 0.1234375 0.234375
2 0.221875 0.79609375 0.10859375 0.18984375
2 0.33125 0.7609375 0.11015625 0.20859375
2 0.35078125 0.53203125 0.12109375 0.2421875
2 0.4078125 0.62890625 0.1078125 0.17265625
2 0.49921875 0.5140625 0.1265625 0.23671875
2 0.5953125 0.6921875 0.14140625 0.1765625
2 0.55234375 0.82265625 0.1203125 0.21953125
2 0.46796875 0.9171875 0.1140625 0.1578125
2 0.67578125 0.94140625 0.1296875 0.1171875
2 0.74140625 0.84765625 0.13515625 0.23671875
2 0.6671875 0.5640625 0.1296875 0.2234375
2 0.6671875 0.27421875 0.12265625 0.2703125
2 0.48671875 0.20625 0.1265625 0.16875
2 0.4203125 0.36171875 0.1109375 0.24765625
2 0.59375 0.13203125 0.1125 0.18984375
2 0.72734375 0.115625 0.1453125 0.215625
2 0.8625 0.1671875 0.1328125 0.17265625
2 0.94453125 0.22890625 0.10859375 0.18359375
2 0.5140625 0.05625 0.1109375 0.10859375
2 0.8546875 0.4625 0.14375 0.17421875
2 0.94609375 0.43359375 0.1078125 0.22109375
2 0.7359375 0.415625 0.11484375 0.16328125
2 0.56171875 0.35703125 0.11875 0.234375
2 0.9390625 0.0734375 0.11640625 0.14296875