2 0.2015625 0.78359375 0.25234375 0.36953125
2 0.41796875 0.65390625 0.209375 0.403125
2 0.140625 0.45078125 0.2296875 0.3375
2 0.23671875 0.16328125 0.2046875 0.32265625
2 0.35078125 0.4 0.17421875 0.3203125
2 0.48984375 0.18046875 0.209375 0.35703125
2 0.54140625 0.428125 0.17890625 0.325
2 0.76640625 0.446875 0.26171875 0.3671875
2 0.91328125 0.66015625 0.1578125 0.2890625
2 0.9359375 0.89609375 0.128125 0.2078125
2 0.7609375 0.82265625 0.20625 0.33359375
2 0.6234375 0.69609375 0.20625 0.25078125
2 0.8859375 0.16015625 0.215625 0.31640625
2 0.6890625 0.14140625 0.19296875 0.278125
2 0.49140625 0.903125 0.2 0.171875