2 0.43203125 0.27109375 0.06875 0.06640625
0 0.39453125 0.3 0.04296875 0.040625
0 0.40703125 0.3546875 0.0671875 0.0328125
0 0.3359375 0.36953125 0.0671875 0.03359375
2 0.6390625 0.04921875 0.0578125 0.053125
1 0.76640625 0.7640625 0.046875 0.03828125
2 0.48359375 0.7953125 0.06328125 0.05625
1 0.7703125 0.803125 0.04609375 0.03125
0 0.4 0.83125 0.0578125 0.02421875
0 0.76015625 0.8421875 0.0515625 0.03515625
0 0.41796875 0.8625 0.0328125 0.01796875
1 0.37578125 0.98828125 0.0453125 0.0234375
0 0.43671875 0.14765625 0.028125 0.034375
2 0.6171875 0.15078125 0.09140625 0.07109375
0 0.490625 0.18203125 0.0390625 0.05625