0 0.1078125 0.0421875 0.0890625 0.0734375
0 0.2328125 0.4671875 0.0796875 0.11484375
0 0.734375 0.309375 0.07890625 0.1109375
0 0.63515625 0.3390625 0.09453125 0.13203125
0 0.653125 0.46171875 0.065625 0.10859375
0 0.59609375 0.61015625 0.096875 0.16953125
0 0.7390625 0.60703125 0.0875 0.11328125
0 0.5265625 0.43046875 0.078125 0.121875
0 0.4625 0.58359375 0.06875 0.1359375
0 0.2625 0.59765625 0.09765625 0.134375
2 0.3671875 0.565625 0.13828125 0.24375
2 0.7546875 0.46171875 0.15234375 0.2125
0 0.58671875 0.4578125 0.0578125 0.10078125