2 0.73125 0.60859375 0.1171875 0.2375
2 0.61953125 0.51171875 0.109375 0.203125
2 0.47421875 0.79375 0.1140625 0.153125
2 0.20703125 0.78984375 0.07265625 0.11875
2 0.1609375 0.85546875 0.07578125 0.09765625
0 0.290625 0.4546875 0.08828125 0.10546875
0 0.52578125 0.44296875 0.046875 0.0921875
0 0.30546875 0.58203125 0.0453125 0.09140625
0 0.325 0.73828125 0.084375 0.12265625
1 0.459375 0.690625 0.07890625 0.16796875
2 0.103125 0.75625 0.0609375 0.1015625
2 0.08125 0.81328125 0.03984375 0.09609375
2 0.040625 0.684375 0.04375 0.08671875