1 0.4046875 0.4390625 0.1078125 0.15703125
1 0.56796875 0.58359375 0.11796875 0.14140625
1 0.81015625 0.540625 0.10078125 0.13984375
1 0.8375 0.19375 0.12890625 0.175
1 0.77578125 0.4546875 0.159375 0.1859375
2 0.646875 0.36875 0.16953125 0.21875
2 0.54140625 0.3046875 0.16328125 0.209375
2 0.39921875 0.24375 0.16015625 0.196875
2 0.69375 0.1546875 0.16328125 0.2203125
2 0.29609375 0.7875 0.1625 0.24140625
1 0.425 0.8671875 0.12421875 0.10234375
1 0.46796875 0.72734375 0.1546875 0.2328125
0 0.3046875 0.359375 0.09375 0.1109375
2 0.54453125 0.13046875 0.125 0.16171875
1 0.3546875 0.55234375 0.1296875 0.1765625