2 0.1484375 0.8328125 0.19609375 0.28828125
2 0.15078125 0.54765625 0.19140625 0.29140625
2 0.1578125 0.25859375 0.19140625 0.28671875
2 0.1546875 0.05859375 0.19765625 0.11328125
2 0.3890625 0.08515625 0.2375 0.16640625
2 0.4109375 0.3015625 0.2140625 0.26640625
2 0.39765625 0.56796875 0.275 0.26640625
2 0.40234375 0.825 0.2 0.253125
2 0.6359375 0.825 0.20859375 0.303125
2 0.6578125 0.55546875 0.20234375 0.23515625
2 0.6484375 0.28984375 0.2140625 0.296875
2 0.6421875 0.075 0.21875 0.146875
2 0.85625 0.8234375 0.17734375 0.2796875
2 0.8734375 0.55703125 0.1578125 0.23984375
2 0.884375 0.3 0.15390625 0.2703125
2 0.8953125 0.08203125 0.14140625 0.16015625