2 0.646875 0.7875 0.103125 0.1640625
2 0.478125 0.73125 0.1265625 0.15234375
1 0.5421875 0.83515625 0.08671875 0.1015625
1 0.25625 0.715625 0.11875 0.11953125
0 0.29609375 0.96171875 0.0796875 0.0765625
0 0.3875 0.7796875 0.0609375 0.08203125
0 0.64609375 0.66171875 0.053125 0.06875
0 0.7203125 0.79921875 0.06640625 0.10625
0 0.76953125 0.82578125 0.05625 0.084375
0 0.16640625 0.9328125 0.1703125 0.134375
2 0.47265625 0.91796875 0.103125 0.16328125
2 0.5578125 0.96328125 0.0625 0.0703125
2 0.81171875 0.78828125 0.040625 0.08671875
1 0.778125 0.7640625 0.0203125 0.0484375