2 0.296875 0.67265625 0.05703125 0.05390625
0 0.2453125 0.6953125 0.04609375 0.04296875
0 0.24921875 0.65390625 0.0421875 0.03984375
0 0.36796875 0.63828125 0.03515625 0.0421875
0 0.37109375 0.59921875 0.03515625 0.03203125
2 0.39453125 0.64765625 0.0484375 0.04453125
2 0.33515625 0.625 0.034375 0.0515625
2 0.534375 0.74296875 0.065625 0.059375
0 0.7140625 0.746875 0.05 0.04296875
0 0.8765625 0.81796875 0.040625 0.03671875
1 0.91328125 0.9296875 0.0390625 0.03359375
1 0.9265625 0.9609375 0.0375 0.0359375
1 0.62734375 0.78984375 0.02421875 0.0359375
1 0.59765625 0.7828125 0.03828125 0.053125
2 0.56171875 0.765625 0.040625 0.04296875
2 0.61640625 0.70625 0.03359375 0.0421875
1 0.9046875 0.8078125 0.03046875 0.03671875
0 0.87734375 0.871875 0.02578125 0.028125
1 0.88515625 0.89609375 0.03203125 0.028125