1 0.7265625 0.25078125 0.07109375 0.04765625
1 0.3203125 0.2890625 0.0578125 0.05703125
0 0.4640625 0.30625 0.03203125 0.03359375
0 0.375 0.315625 0.03671875 0.03046875
2 0.52734375 0.328125 0.08515625 0.0546875
0 0.41953125 0.034375 0.0375 0.02109375
2 0.5328125 0.3765625 0.07578125 0.0484375
0 0.4171875 0.06796875 0.07109375 0.0765625
0 0.61875 0.7828125 0.034375 0.0296875
2 0.578125 0.796875 0.05390625 0.04765625
0 0.715625 0.09296875 0.03828125 0.021875
0 0.32421875 0.0984375 0.071875 0.04140625
0 0.353125 0.1390625 0.03671875 0.021875
1 0.72890625 0.21015625 0.0515625 0.028125