0 0.8125 0.54375 0.0296875 0.01796875
1 0.71328125 0.0578125 0.0578125 0.04453125
0 0.646875 0.615625 0.0328125 0.03671875
2 0.61015625 0.6265625 0.0515625 0.04921875
1 0.72421875 0.11015625 0.0578125 0.04921875
1 0.31328125 0.12265625 0.05234375 0.0546875
0 0.4390625 0.1234375 0.0234375 0.025
0 0.46171875 0.1375 0.03203125 0.03515625
0 0.37578125 0.15078125 0.040625 0.028125
1 0.72265625 0.153125 0.0484375 0.034375
2 0.52421875 0.15546875 0.08203125 0.05234375
2 0.53359375 0.20546875 0.07265625 0.04296875
0 0.62578125 0.209375 0.0296875 0.02421875