0 0.26328125 0.2765625 0.03125 0.01953125
1 0.3484375 0.2828125 0.0359375 0.0234375
0 0.28515625 0.3109375 0.025 0.03125
1 0.43203125 0.03515625 0.0453125 0.06171875
0 0.79296875 0.59140625 0.02890625 0.0234375
1 0.65390625 0.6671875 0.059375 0.0296875
1 0.36328125 0.071875 0.0421875 0.05078125
2 0.6296875 0.74765625 0.078125 0.04296875
1 0.5703125 0.76640625 0.0421875 0.02890625
0 0.60390625 0.77109375 0.02734375 0.01875
2 0.484375 0.78515625 0.06796875 0.03984375
2 0.5640625 0.79140625 0.059375 0.0359375
0 0.48046875 0.08203125 0.0171875 0.0296875
1 0.3609375 0.12578125 0.0421875 0.03046875
0 0.30078125 0.13203125 0.034375 0.01953125