2 0.25078125 0.328125 0.09765625 0.12265625
2 0.409375 0.38125 0.0921875 0.12890625
2 0.5109375 0.6109375 0.06640625 0.1171875
2 0.35234375 0.565625 0.0953125 0.10546875
0 0.184375 0.19765625 0.0421875 0.078125
0 0.346875 0.06015625 0.034375 0.0625
0 0.45859375 0.209375 0.05 0.1015625
1 0.521875 0.40234375 0.053125 0.09921875
0 0.31875 0.24375 0.0484375 0.09765625
0 0.44921875 0.05625 0.0328125 0.05078125
0 0.5375 0.07109375 0.02265625 0.02734375
0 0.56796875 0.5265625 0.034375 0.0484375
0 0.46015625 0.534375 0.03828125 0.05078125
2 0.446875 0.56796875 0.07734375 0.08828125
1 0.53828125 0.8203125 0.03828125 0.0546875