2 0.27109375 0.60390625 0.09140625 0.075
2 0.64921875 0.6296875 0.078125 0.08984375
2 0.3484375 0.559375 0.06328125 0.08203125
0 0.74921875 0.7390625 0.0453125 0.06171875
0 0.27421875 0.73046875 0.0453125 0.0484375
0 0.353125 0.403125 0.0703125 0.0765625
0 0.215625 0.44140625 0.06796875 0.05703125
2 0.55234375 0.6265625 0.06484375 0.09296875
2 0.1484375 0.91015625 0.0765625 0.08984375
2 0.22109375 0.940625 0.06171875 0.078125
2 0.6171875 0.725 0.06171875 0.0703125
0 0.40546875 0.56171875 0.0453125 0.04296875
2 0.85234375 0.4625 0.06171875 0.08203125