2 0.33046875 0.35390625 0.071875 0.14296875
2 0.31484375 0.49609375 0.06171875 0.14765625
2 0.228125 0.5984375 0.071875 0.19609375
2 0.29296875 0.63515625 0.06484375 0.16171875
2 0.44453125 0.29765625 0.04921875 0.11796875
2 0.37265625 0.5359375 0.05078125 0.13984375
2 0.415625 0.62890625 0.06171875 0.1171875
2 0.434375 0.4546875 0.0515625 0.18046875
2 0.4875 0.4625 0.05625 0.13671875
2 0.603125 0.584375 0.06796875 0.15
2 0.66484375 0.68984375 0.06796875 0.146875
2 0.72265625 0.49453125 0.05234375 0.12421875
2 0.7875 0.63203125 0.07421875 0.1625
2 0.8140625 0.34140625 0.06015625 0.1390625
2 0.78203125 0.49453125 0.06328125 0.125
1 0.24609375 0.26484375 0.053125 0.11171875
1 0.21484375 0.34609375 0.03984375 0.06796875
1 0.196875 0.49296875 0.0546875 0.14921875
1 0.55390625 0.41640625 0.046875 0.0765625
1 0.38828125 0.16484375 0.0421875 0.08359375
1 0.47578125 0.034375 0.0328125 0.05859375
1 0.87265625 0.13671875 0.0453125 0.06875
1 0.90234375 0.22109375 0.046875 0.08203125
1 0.915625 0.54921875 0.05 0.0890625