0 0.72421875 0.25546875 0.04765625 0.034375
0 0.39921875 0.259375 0.0390625 0.02734375
0 0.34765625 0.3 0.02421875 0.03203125
0 0.7421875 0.30859375 0.04765625 0.03125
0 0.81015625 0.34609375 0.04140625 0.0265625
0 0.2625 0.35078125 0.0578125 0.04296875
0 0.2234375 0.36015625 0.02421875 0.0234375
2 0.8390625 0.38828125 0.10078125 0.0546875
0 0.7734375 0.4 0.04296875 0.02265625
2 0.8375 0.4359375 0.08203125 0.0453125
0 0.28828125 0.440625 0.0234375 0.03203125
0 0.75390625 0.47109375 0.04609375 0.0265625
0 0.33515625 0.47265625 0.0375 0.01640625
2 0.8046875 0.48046875 0.08203125 0.04921875
0 0.1703125 0.4828125 0.03515625 0.01953125
0 0.75859375 0.50625 0.040625 0.02578125
0 0.55546875 0.534375 0.01953125 0.02890625
0 0.13828125 0.53671875 0.06171875 0.0359375
0 0.096875 0.5546875 0.040625 0.02109375
1 0.640625 0.59453125 0.0625 0.04765625
2 0.4546875 0.61015625 0.0734375 0.05625
0 0.18203125 0.70859375 0.0328125 0.01640625
0 0.24765625 0.759375 0.025 0.0265625
1 0.8296875 0.98203125 0.07578125 0.0359375
2 0.68359375 0.9828125 0.03125 0.03359375
0 0.38046875 0.98984375 0.0421875 0.0203125
0 0.3640625 0.1140625 0.025 0.03046875
0 0.4390625 0.16953125 0.04453125 0.05234375
2 0.71640625 0.21328125 0.0671875 0.05625
2 0.41953125 0.22578125 0.09453125 0.053125
0 0.21015625 0.22734375 0.0265625 0.034375