0 0.71484375 0.25703125 0.04375 0.02890625
0 0.390625 0.26171875 0.040625 0.0234375
0 0.33984375 0.3 0.02578125 0.034375
0 0.7328125 0.31015625 0.04375 0.0296875
0 0.8015625 0.34765625 0.03828125 0.02421875
0 0.253125 0.353125 0.059375 0.04140625
0 0.2140625 0.3625 0.0234375 0.02265625
2 0.83125 0.38828125 0.096875 0.05390625
0 0.7640625 0.4 0.03984375 0.02734375
2 0.83359375 0.43671875 0.07109375 0.0390625
0 0.16015625 0.4609375 0.0296875 0.01953125
0 0.74453125 0.47109375 0.04765625 0.02578125
0 0.32578125 0.47421875 0.0359375 0.01796875
2 0.7953125 0.48203125 0.08359375 0.04375
0 0.16171875 0.484375 0.03203125 0.0203125
0 0.75078125 0.50625 0.0390625 0.021875
0 0.128125 0.5390625 0.0625 0.03671875
0 0.0890625 0.55859375 0.04296875 0.0234375
1 0.634375 0.5953125 0.06171875 0.05078125
2 0.4484375 0.61328125 0.07265625 0.059375
0 0.17734375 0.71328125 0.03828125 0.0140625
0 0.23984375 0.7640625 0.0265625 0.0265625
0 0.35234375 0.1171875 0.0328125 0.03515625
0 0.42890625 0.1734375 0.0453125 0.0546875
2 0.70703125 0.21484375 0.06484375 0.05546875
1 0.40859375 0.228125 0.09609375 0.05234375
0 0.20234375 0.23046875 0.028125 0.03203125