1 0.46015625 0.60859375 0.4375 0.2984375
2 0.121875 0.5296875 0.24140625 0.3390625
2 0.8765625 0.14140625 0.23046875 0.25625
2 0.59765625 0.171875 0.3078125 0.3390625
2 0.19140625 0.321875 0.37734375 0.3828125
2 0.86875 0.62734375 0.2625 0.425
2 0.68828125 0.825 0.2 0.35
2 0.18359375 0.85625 0.33984375 0.28671875
2 0.47265625 0.91640625 0.29765625 0.1671875
2 0.428125 0.3296875 0.20234375 0.24609375
2 0.8734375 0.88984375 0.253125 0.2171875
1 0.21171875 0.128125 0.275 0.16484375
2 0.3703125 0.06484375 0.209375 0.1265625
2 0.784375 0.3609375 0.23046875 0.16953125