2 0.6859375 0.35 0.13515625 0.21328125
2 0.7640625 0.3078125 0.10859375 0.16484375
1 0.565625 0.33671875 0.0921875 0.18203125
1 0.61328125 0.45625 0.11328125 0.12578125
1 0.63828125 0.565625 0.08203125 0.1484375
1 0.6734375 0.7109375 0.06875 0.11484375
1 0.72890625 0.5734375 0.09921875 0.16015625
0 0.509375 0.4671875 0.065625 0.10234375
0 0.61875 0.75 0.0625 0.09296875
0 0.36953125 0.56640625 0.04453125 0.08828125
0 0.5109375 0.7265625 0.0578125 0.08671875
0 0.7125 0.45 0.06953125 0.0890625
0 0.46953125 0.525 0.0375 0.053125
0 0.44609375 0.6859375 0.0359375 0.05703125