2 0.35859375 0.2484375 0.096875 0.0796875
0 0.4828125 0.26484375 0.0328125 0.0390625
0 0.50078125 0.28203125 0.0328125 0.04609375
0 0.54609375 0.29375 0.05390625 0.07265625
2 0.265625 0.4015625 0.0578125 0.0328125
2 0.23515625 0.440625 0.05859375 0.03671875
1 0.74921875 0.465625 0.05 0.03828125
2 0.240625 0.49765625 0.06015625 0.03046875
0 0.29453125 0.5234375 0.03359375 0.02578125
0 0.79453125 0.5328125 0.053125 0.02734375
1 0.23359375 0.5359375 0.07890625 0.0421875
0 0.3015625 0.58203125 0.0515625 0.03125
2 0.721875 0.60390625 0.09453125 0.0453125
0 0.31015625 0.6078125 0.02421875 0.02421875
0 0.34140625 0.61328125 0.02578125 0.025
0 0.6328125 0.62265625 0.0203125 0.02578125
0 0.37421875 0.64296875 0.05859375 0.03125
0 0.59375 0.684375 0.03203125 0.0234375
0 0.55234375 0.69375 0.0453125 0.04765625
2 0.08828125 0.77265625 0.05390625 0.0390625
0 0.17578125 0.00859375 0.03203125 0.0171875
1 0.79375 0.91640625 0.0625 0.040625
2 0.8203125 0.94921875 0.06875 0.04296875
1 0.7546875 0.14765625 0.0328125 0.015625
0 0.6 0.175 0.03515625 0.03125
1 0.7546875 0.18515625 0.0859375 0.05234375
0 0.3015625 0.2046875 0.04140625 0.03046875
0 0.6921875 0.21640625 0.0515625 0.034375
0 0.4546875 0.246875 0.04375 0.0515625