0 0.3921875 0.2546875 0.040625 0.025
0 0.4609375 0.25625 0.0296875 0.04296875
0 0.48046875 0.275 0.03203125 0.04921875
2 0.5265625 0.28671875 0.05390625 0.06953125
2 0.246875 0.39609375 0.0609375 0.03125
2 0.21328125 0.4375 0.05234375 0.0390625
1 0.7265625 0.45859375 0.0546875 0.03828125
2 0.22109375 0.49375 0.0625 0.03125
0 0.27578125 0.51875 0.034375 0.0265625
0 0.7703125 0.5234375 0.0578125 0.028125
1 0.21328125 0.53046875 0.08046875 0.04140625
0 0.67734375 0.546875 0.03125 0.01640625
0 0.284375 0.57578125 0.05078125 0.03203125
2 0.7046875 0.59375 0.090625 0.046875
0 0.2921875 0.60234375 0.02734375 0.0234375
0 0.3234375 0.6078125 0.02421875 0.0265625
0 0.61328125 0.61484375 0.025 0.02421875
0 0.35546875 0.6359375 0.06015625 0.0296875
0 0.5765625 0.6765625 0.03203125 0.0234375
0 0.53359375 0.68359375 0.05078125 0.04921875
2 0.07265625 0.76875 0.0515625 0.0390625
0 0.09453125 0.83359375 0.034375 0.0234375
2 0.77578125 0.903125 0.0625 0.040625
2 0.8046875 0.9359375 0.0625 0.04375
0 0.69921875 0.15703125 0.02890625 0.01875
2 0.57890625 0.1703125 0.03046875 0.03359375
1 0.7359375 0.178125 0.0828125 0.05390625
0 0.2796875 0.19921875 0.03828125 0.03046875
0 0.67109375 0.20859375 0.05 0.03671875
1 0.4328125 0.23984375 0.03984375 0.05
2 0.3359375 0.24140625 0.1015625 0.0796875