0 0.21171875 0.2609375 0.02578125 0.021875
0 0.771875 0.39296875 0.0390625 0.01328125
2 0.62421875 0.4234375 0.02421875 0.025
0 0.775 0.42421875 0.084375 0.0421875
0 0.3390625 0.45625 0.03828125 0.03125
0 0.715625 0.4640625 0.05 0.0359375
1 0.48828125 0.5 0.04609375 0.046875
2 0.39609375 0.503125 0.090625 0.07109375
0 0.45 0.51171875 0.03671875 0.03125
0 0.515625 0.51953125 0.0328125 0.03828125
0 0.53359375 0.53046875 0.03515625 0.04375
2 0.57734375 0.54375 0.0515625 0.0671875
1 0.55703125 0.06328125 0.06015625 0.0546875
2 0.31015625 0.64375 0.0515625 0.03359375
2 0.28046875 0.68203125 0.05390625 0.03671875
1 0.784375 0.703125 0.0546875 0.0375
0 0.815625 0.73046875 0.0296875 0.01796875
2 0.28984375 0.73984375 0.0578125 0.0359375
0 0.8296875 0.76796875 0.06328125 0.03125
1 0.284375 0.77734375 0.071875 0.04375
0 0.353125 0.8234375 0.0515625 0.0328125
0 0.17734375 0.84296875 0.03984375 0.0296875
2 0.77109375 0.8484375 0.09453125 0.04453125
0 0.3625 0.85 0.025 0.02578125
0 0.39140625 0.85625 0.02578125 0.025
2 0.3859375 0.0859375 0.07265625 0.05
0 0.42578125 0.8875 0.05546875 0.028125
0 0.646875 0.93203125 0.03203125 0.02265625
0 0.1515625 0.94140625 0.021875 0.03984375
0 0.603125 0.9421875 0.05078125 0.05234375
0 0.15390625 0.2375 0.02890625 0.01796875