0 0.50546875 0.203125 0.08125 0.11953125
0 0.32734375 0.4265625 0.07109375 0.096875
0 0.609375 0.575 0.078125 0.1125
0 0.8453125 0.5640625 0.08046875 0.1328125
0 0.64921875 0.67890625 0.07421875 0.09921875
0 0.6640625 0.81171875 0.04375 0.07109375
0 0.5921875 0.73828125 0.0578125 0.07578125
0 0.546875 0.77734375 0.053125 0.08671875
0 0.4875 0.34765625 0.059375 0.05234375
0 0.70234375 0.49296875 0.046875 0.06796875
0 0.7265625 0.59453125 0.05078125 0.0921875
1 0.6015625 0.153125 0.12109375 0.1640625
1 0.4703125 0.66875 0.0890625 0.0875
1 0.459375 0.75625 0.096875 0.10625
1 0.59140625 0.4359375 0.071875 0.11171875
2 0.71015625 0.35859375 0.13125 0.171875
2 0.94609375 0.34296875 0.1078125 0.21328125
2 0.778125 0.49765625 0.1046875 0.1640625
2 0.421875 0.5609375 0.071875 0.12109375
2 0.49921875 0.6296875 0.0765625 0.1328125