0 0.3484375 0.02734375 0.028125 0.028125
0 0.5609375 0.35234375 0.0421875 0.03203125
2 0.7375 0.39140625 0.06640625 0.04296875
0 0.55 0.43671875 0.03046875 0.03203125
0 0.1515625 0.43828125 0.02578125 0.028125
0 0.5265625 0.515625 0.0328125 0.03046875
2 0.65234375 0.5359375 0.0703125 0.04453125
2 0.59453125 0.54765625 0.08515625 0.06171875
0 0.38515625 0.64140625 0.0609375 0.03359375
0 0.30703125 0.66328125 0.03828125 0.03984375
0 0.371875 0.684375 0.040625 0.028125
0 0.31171875 0.6984375 0.03515625 0.03359375
0 0.27578125 0.6984375 0.02109375 0.0234375
1 0.01953125 0.13046875 0.0390625 0.02890625
0 0.25859375 0.1828125 0.021875 0.02734375
1 0.04765625 0.1875 0.0703125 0.05078125
0 0.5328125 0.2 0.03203125 0.028125
0 0.2234375 0.2203125 0.0234375 0.0234375
0 0.15390625 0.22421875 0.0328125 0.01953125
0 0.19453125 0.22578125 0.0234375 0.03203125