2 0.85234375 0.28828125 0.06328125 0.04765625
1 0.79609375 0.3484375 0.06875 0.04453125
0 0.85 0.3515625 0.03984375 0.02578125
0 0.88203125 0.35546875 0.04296875 0.03046875
0 0.25625 0.465625 0.03359375 0.02109375
2 0.62734375 0.51484375 0.034375 0.02109375
2 0.8109375 0.57578125 0.05234375 0.03046875
0 0.6203125 0.584375 0.05703125 0.046875
1 0.47421875 0.60390625 0.0546875 0.05546875
0 0.79375 0.60703125 0.034375 0.02890625
0 0.81171875 0.3078125 0.0265625 0.0234375
2 0.6109375 0.6171875 0.07265625 0.05