2 0.52890625 0.74296875 0.05546875 0.0640625
2 0.5609375 0.76640625 0.0390625 0.04296875
1 0.240625 0.696875 0.05703125 0.04921875
1 0.24375 0.65546875 0.0421875 0.0515625
1 0.36796875 0.6375 0.0375 0.04296875
1 0.5953125 0.7875 0.0375 0.06640625
0 0.63125 0.7890625 0.01953125 0.0484375
0 0.8734375 0.8734375 0.02734375 0.034375
0 0.88515625 0.89921875 0.034375 0.0453125
1 0.7171875 0.74609375 0.05 0.0515625
1 0.91484375 0.928125 0.05859375 0.03359375
1 0.92890625 0.96328125 0.0390625 0.04296875
1 0.36640625 0.6015625 0.0359375 0.0328125
2 0.296875 0.67109375 0.05 0.06953125
2 0.33203125 0.63203125 0.03515625 0.0640625
2 0.396875 0.64609375 0.03515625 0.053125
2 0.61875 0.7109375 0.03046875 0.0484375
2 0.81171875 0.31953125 0.03515625 0.065625
2 0.85234375 0.3484375 0.03984375 0.05703125
0 0.8734375 0.8203125 0.05078125 0.03828125