1 0.41015625 0.25 0.05234375 0.0453125
0 0.76875 0.38984375 0.04140625 0.02734375
2 0.76796875 0.45390625 0.09921875 0.0484375
2 0.73359375 0.49765625 0.08203125 0.0515625
0 0.5453125 0.52421875 0.02265625 0.0265625
0 0.29921875 0.71171875 0.02109375 0.0359375
0 0.34296875 0.7140625 0.0296875 0.0359375
0 0.46484375 0.73046875 0.0234375 0.02734375
0 0.5140625 0.73125 0.0578125 0.0546875
2 0.421875 0.7390625 0.06171875 0.06796875
0 0.53125 0.19375 0.03671875 0.0203125
0 0.50546875 0.21875 0.05078125 0.0359375