2 0.6546875 0.3125 0.03828125 0.03984375
2 0.60078125 0.31796875 0.0359375 0.04140625
0 0.53203125 0.39375 0.03828125 0.01953125
0 0.30390625 0.5390625 0.05390625 0.03203125
0 0.734375 0.57421875 0.0265625 0.02421875
2 0.325 0.596875 0.07421875 0.03828125
0 0.628125 0.6 0.03046875 0.0234375
0 0.79296875 0.615625 0.0375 0.0171875
1 0.38828125 0.0671875 0.0453125 0.04453125
1 0.39765625 0.68359375 0.0453125 0.03984375
0 0.38359375 0.90390625 0.0203125 0.02578125
2 0.82578125 0.09375 0.04140625 0.02734375
0 0.6875 0.98359375 0.02578125 0.02265625
0 0.79609375 0.109375 0.040625 0.01796875
2 0.321875 0.1484375 0.06328125 0.0359375
0 0.7625 0.196875 0.025 0.02578125
2 0.6890625 0.225 0.0453125 0.034375