1 0.7421875 0.26328125 0.065625 0.046875
2 0.58046875 0.43828125 0.03671875 0.02265625
2 0.778125 0.49453125 0.04921875 0.0328125
0 0.5828125 0.50546875 0.0578125 0.04140625
0 0.7609375 0.525 0.034375 0.0265625
1 0.434375 0.53359375 0.05703125 0.0578125
2 0.5765625 0.5375 0.07578125 0.0515625
2 0.7859375 0.20390625 0.0734375 0.0546875
0 0.82421875 0.26640625 0.046875 0.028125
0 0.78984375 0.26328125 0.04453125 0.02734375
0 0.74921875 0.22265625 0.02890625 0.0234375
0 0.196875 0.40703125 0.03203125 0.0203125