2 0.59140625 0.578125 0.1046875 0.29296875
2 0.759375 0.61328125 0.08984375 0.2453125
2 0.42109375 0.3765625 0.07578125 0.2375
2 0.36484375 0.36953125 0.05390625 0.21015625
2 0.50390625 0.440625 0.08515625 0.25
0 0.5484375 0.175 0.08203125 0.178125
1 0.71640625 0.4390625 0.08515625 0.11953125
2 0.67734375 0.58046875 0.06484375 0.1484375
2 0.63984375 0.5640625 0.05703125 0.22265625
0 0.67578125 0.71953125 0.0484375 0.0953125
0 0.26796875 0.5296875 0.07578125 0.13203125
0 0.14296875 0.5484375 0.0703125 0.1828125