2 0.61171875 0.5359375 0.03515625 0.0671875
2 0.63359375 0.59375 0.04609375 0.07265625
2 0.6921875 0.56796875 0.03828125 0.05625
2 0.4390625 0.74453125 0.0453125 0.0765625
2 0.40546875 0.709375 0.046875 0.0765625
2 0.33203125 0.6578125 0.028125 0.03984375
2 0.365625 0.66171875 0.034375 0.0609375
2 0.38359375 0.440625 0.02734375 0.05859375
2 0.2015625 0.5640625 0.04296875 0.05859375
2 0.1234375 0.5859375 0.05 0.0703125
2 0.15859375 0.75390625 0.03984375 0.07265625
2 0.2390625 0.68515625 0.02578125 0.05234375
2 0.5796875 0.62578125 0.04765625 0.0734375
2 0.5453125 0.6484375 0.0453125 0.05859375