0 0.61171875 0.1265625 0.071875 0.09453125
0 0.4734375 0.0796875 0.075 0.121875
0 0.425 0.7109375 0.06015625 0.103125
0 0.36640625 0.690625 0.06171875 0.10234375
0 0.3546875 0.79140625 0.0921875 0.08828125
0 0.559375 0.71015625 0.0796875 0.1046875
0 0.8859375 0.7953125 0.06875 0.11015625
2 0.65234375 0.365625 0.1140625 0.18359375
2 0.50625 0.4578125 0.1078125 0.15546875
2 0.1078125 0.6953125 0.1609375 0.1875
2 0.121875 0.8453125 0.1453125 0.17109375
2 0.23828125 0.83046875 0.09140625 0.16796875
2 0.265625 0.67734375 0.125 0.20546875
2 0.2109375 0.534375 0.1375 0.18671875
2 0.35 0.06640625 0.1203125 0.12734375
2 0.4984375 0.6015625 0.0953125 0.1640625
0 0.9234375 0.8671875 0.0421875 0.0546875
2 0.825 0.70546875 0.109375 0.13984375
2 0.75703125 0.6296875 0.0953125 0.12890625
2 0.6109375 0.58203125 0.1046875 0.14140625
0 0.671875 0.6109375 0.02421875 0.04140625
2 0.58125 0.45078125 0.0796875 0.1390625
0 0.5421875 0.340625 0.05546875 0.07890625
1 0.41796875 0.60390625 0.06875 0.10859375