0 0.609375 0.1296875 0.06953125 0.09296875
0 0.471875 0.07890625 0.08671875 0.1375
0 0.3671875 0.69296875 0.06015625 0.09609375
0 0.34765625 0.7921875 0.06875 0.08671875
0 0.42109375 0.7125 0.0578125 0.0921875
0 0.56015625 0.71171875 0.07890625 0.1078125
0 0.884375 0.8 0.071875 0.09921875
0 0.925 0.8625 0.0453125 0.06015625
2 0.5078125 0.4546875 0.1171875 0.1609375
2 0.6546875 0.37265625 0.11484375 0.16953125
2 0.57890625 0.45234375 0.0890625 0.14765625
2 0.48828125 0.59296875 0.09375 0.1546875
2 0.6109375 0.590625 0.109375 0.15546875
2 0.60234375 0.71640625 0.0828125 0.1234375
2 0.2171875 0.5328125 0.1359375 0.1515625
2 0.1109375 0.69609375 0.15859375 0.17890625
2 0.12265625 0.8484375 0.1453125 0.15546875
2 0.22734375 0.81796875 0.115625 0.1796875
2 0.265625 0.68359375 0.128125 0.19296875
2 0.34609375 0.06328125 0.1296875 0.12265625
2 0.7796875 0.4 0.0953125 0.09296875
2 0.75390625 0.6265625 0.0875 0.13046875
2 0.82734375 0.70703125 0.11796875 0.15390625
2 0.0234375 0.42421875 0.0453125 0.159375
1 0.42265625 0.6125 0.065625 0.0984375
0 0.8671875 0.23203125 0.08515625 0.16015625
0 0.0375 0.03984375 0.07265625 0.078125