1 0.015625 0.46015625 0.03125 0.0625
2 0.04921875 0.4421875 0.059375 0.071875
1 0.209375 0.4421875 0.046875 0.0546875
0 0.2578125 0.4671875 0.0421875 0.040625
1 0.303125 0.46015625 0.0546875 0.06875
2 0.21953125 0.390625 0.0609375 0.0765625
2 0.27890625 0.4109375 0.0640625 0.0625
0 0.365625 0.30390625 0.0328125 0.0421875
1 0.365625 0.32734375 0.0453125 0.0703125
0 0.396875 0.39453125 0.0328125 0.034375
0 0.39921875 0.3296875 0.04375 0.05625
0 0.4078125 0.3625 0.034375 0.0265625
1 0.4328125 0.3546875 0.040625 0.0484375
1 0.465625 0.39765625 0.0453125 0.0609375
0 0.50390625 0.41796875 0.040625 0.0390625
1 0.534375 0.39375 0.04375 0.0640625
0 0.60859375 0.38125 0.0265625 0.0359375
0 0.63515625 0.39453125 0.028125 0.0328125
2 0.65546875 0.40078125 0.0546875 0.0734375
0 0.70078125 0.421875 0.046875 0.0640625
2 0.7296875 0.39453125 0.0625 0.0859375
0 0.70078125 0.2703125 0.0453125 0.059375
1 0.97734375 0.3796875 0.0453125 0.071875
1 0.934375 0.36484375 0.05625 0.0640625
0 0.90546875 0.3171875 0.03125 0.034375