0 0.0390625 0.31328125 0.028125 0.0328125
0 0.0375 0.35703125 0.0625 0.0828125
0 0.096875 0.3453125 0.0375 0.05
0 0.13203125 0.33125 0.0484375 0.0546875
0 0.103125 0.290625 0.0609375 0.06875
0 0.328125 0.2796875 0.0515625 0.05625
2 0.33359375 0.33515625 0.0671875 0.0703125
2 0.4390625 0.290625 0.078125 0.1046875
1 0.42890625 0.38828125 0.0734375 0.0921875
0 0.49375 0.37265625 0.0484375 0.0671875
0 0.48046875 0.321875 0.034375 0.0390625
0 0.5015625 0.28359375 0.0375 0.053125
1 0.55 0.28828125 0.059375 0.084375
2 0.61796875 0.27734375 0.0828125 0.10625
0 0.70234375 0.29609375 0.05625 0.0765625
0 0.740625 0.28203125 0.0578125 0.0921875
1 0.7375 0.390625 0.065625 0.078125
0 0.8140625 0.3984375 0.034375 0.0375
0 0.87421875 0.33046875 0.0625 0.078125
2 0.76484375 0.35390625 0.0859375 0.1078125