2 0.33984375 0.47734375 0.059375 0.071875
2 0.34296875 0.4234375 0.0578125 0.040625
0 0.409375 0.3875 0.034375 0.0421875
1 0.45234375 0.37265625 0.05 0.0578125
1 0.4125 0.3453125 0.059375 0.084375
0 0.0203125 0.1921875 0.034375 0.0359375
0 0.21328125 0.121875 0.0390625 0.04375
0 0.5171875 0.4890625 0.046875 0.0578125
0 0.54609375 0.51015625 0.0265625 0.028125
1 0.62734375 0.50625 0.0546875 0.071875
2 0.59140625 0.453125 0.0796875 0.1015625
0 0.86640625 0.4625 0.0375 0.0390625
0 0.91875 0.47734375 0.0453125 0.05
2 0.903125 0.46015625 0.065625 0.08125