0 0.28515625 0.18671875 0.1921875 0.2109375
2 0.20234375 0.27734375 0.0796875 0.1109375
0 0.45 0.28671875 0.15625 0.1875
0 0.64140625 0.53515625 0.2 0.2546875
0 0.765625 0.6703125 0.1796875 0.2234375
0 0.89296875 0.6828125 0.1265625 0.190625
1 0.93671875 0.715625 0.0984375 0.121875
2 0.3375 0.6703125 0.1328125 0.153125
0 0.2515625 0.675 0.1203125 0.203125
2 0.30703125 0.49453125 0.0890625 0.1265625
1 0.2421875 0.453125 0.1171875 0.19375
2 0.178125 0.4375 0.140625 0.1796875
2 0.1046875 0.5734375 0.1484375 0.1546875
0 0.01875 0.3625 0.0234375 0.0765625