2 0.1359375 0.3984375 0.084375 0.1078125
2 0.06796875 0.3859375 0.06875 0.08984375
2 0.20546875 0.384375 0.07421875 0.0953125
2 0.2546875 0.46015625 0.08203125 0.12421875
0 0.30390625 0.37421875 0.1703125 0.25
2 0.30703125 0.70078125 0.09140625 0.109375
2 0.3484375 0.59921875 0.10078125 0.10859375
0 0.44921875 0.58515625 0.16875 0.23828125
1 0.571875 0.61875 0.0890625 0.13203125
2 0.6140625 0.58203125 0.09375 0.14296875
1 0.646875 0.4859375 0.13671875 0.20390625
2 0.70390625 0.54609375 0.06953125 0.09765625
1 0.77890625 0.52421875 0.125 0.16484375
0 0.91015625 0.49609375 0.1453125 0.1640625
0 0.0921875 0.2765625 0.1515625 0.16953125
2 0.33359375 0.50625 0.05859375 0.06875