2 0.1265625 0.44375 0.096875 0.1171875
2 0.05703125 0.4390625 0.0796875 0.096875
2 0.19375 0.42109375 0.0859375 0.103125
2 0.2515625 0.490625 0.096875 0.1328125
0 0.28984375 0.39921875 0.2 0.26875
2 0.3328125 0.72265625 0.1046875 0.1203125
2 0.36171875 0.6171875 0.1125 0.1203125
0 0.46015625 0.590625 0.196875 0.2578125
1 0.5859375 0.609375 0.1046875 0.1421875
2 0.6234375 0.5671875 0.1109375 0.153125
1 0.64375 0.46796875 0.1609375 0.21875
2 0.7078125 0.52109375 0.08125 0.1046875
1 0.7796875 0.48984375 0.14375 0.178125
0 0.90625 0.44609375 0.1640625 0.18125
0 0.0765625 0.328125 0.153125 0.1875
2 0.3359375 0.5265625 0.0671875 0.075