2 0.7734375 0.6875 0.14375 0.1640625
2 0.51015625 0.64921875 0.1 0.109375
2 0.49140625 0.46484375 0.0875 0.1015625
2 0.015625 0.20078125 0.03125 0.0890625
2 0.07890625 0.5125 0.0953125 0.1
2 0.303125 0.67421875 0.0859375 0.090625
2 0.27578125 0.471875 0.10625 0.09375
0 0.44140625 0.54140625 0.1578125 0.2109375
0 0.378125 0.44296875 0.1 0.0890625
1 0.3125 0.5671875 0.1484375 0.1703125
0 0.0296875 0.12109375 0.059375 0.1078125
0 0.90390625 0.3828125 0.1921875 0.35
1 0.05859375 0.39921875 0.1125 0.121875