2 0.24765625 0.71484375 0.12890625 0.1515625
2 0.50546875 0.64921875 0.090625 0.1
2 0.5046875 0.4640625 0.07734375 0.09375
2 0.9671875 0.15 0.0578125 0.0828125
2 0.9203125 0.46875 0.0859375 0.0921875
2 0.7140625 0.65234375 0.078125 0.08359375
2 0.7203125 0.4484375 0.0984375 0.08359375
0 0.5625 0.53515625 0.1375 0.196875
0 0.615625 0.43046875 0.09140625 0.0796875
1 0.69375 0.546875 0.1328125 0.15703125
0 0.9515625 0.071875 0.096875 0.0984375
0 0.0828125 0.4265625 0.16328125 0.334375
1 0.928125 0.35390625 0.1015625 0.1125