0 0.7359375 0.796875 0.178125 0.2
2 0.8125 0.7015625 0.071875 0.10625
0 0.56484375 0.70859375 0.14375 0.1796875
0 0.35703125 0.475 0.184375 0.2421875
0 0.22265625 0.3484375 0.165625 0.2125
0 0.0953125 0.3453125 0.115625 0.1828125
1 0.04921875 0.315625 0.090625 0.115625
2 0.65 0.31875 0.1234375 0.1453125
0 0.73515625 0.3078125 0.1078125 0.196875
2 0.69296875 0.49140625 0.08125 0.121875
1 0.76015625 0.52890625 0.1046875 0.1875
2 0.825 0.53984375 0.128125 0.1703125
2 0.8890625 0.39921875 0.1390625 0.1453125
0 0.98984375 0.60390625 0.01875 0.075