2 0.87578125 0.46328125 0.1015625 0.1203125
2 0.9453125 0.4625 0.0828125 0.1
2 0.81015625 0.4375 0.0890625 0.10625
2 0.7484375 0.503125 0.103125 0.1359375
0 0.71484375 0.41015625 0.2109375 0.275
2 0.65546875 0.73125 0.109375 0.1234375
2 0.63203125 0.62421875 0.11875 0.125
0 0.53515625 0.59296875 0.2078125 0.2640625
1 0.40859375 0.6046875 0.1109375 0.1453125
2 0.3734375 0.5609375 0.1171875 0.1578125
1 0.3578125 0.4609375 0.1703125 0.225
2 0.29140625 0.51015625 0.0859375 0.1078125
1 0.22109375 0.47578125 0.1515625 0.184375
0 0.096875 0.425 0.171875 0.1875
0 0.92578125 0.35 0.1484375 0.19375
2 0.6625 0.53515625 0.0703125 0.078125