2 0.884375 0.51015625 0.1328125 0.225
2 0.8578125 0.65703125 0.0625 0.0921875
2 0.80625 0.68359375 0.0703125 0.125
2 0.7390625 0.678125 0.08125 0.1234375
2 0.753125 0.5484375 0.0828125 0.146875
0 0.67578125 0.5109375 0.1640625 0.2875
0 0.59765625 0.52890625 0.0953125 0.1796875
2 0.5421875 0.5234375 0.090625 0.159375
2 0.49375 0.5921875 0.0578125 0.1046875
2 0.50234375 0.4125 0.075 0.121875
0 0.45546875 0.4171875 0.1078125 0.1921875
2 0.39921875 0.4265625 0.059375 0.0953125
2 0.41015625 0.225 0.096875 0.171875
2 0.40078125 0.3078125 0.075 0.109375
2 0.340625 0.14375 0.0921875 0.146875
0 0.33359375 0.1390625 0.1046875 0.190625
0 0.35 0.23828125 0.1296875 0.240625
0 0.26484375 0.22890625 0.065625 0.115625
0 0.2453125 0.30078125 0.10625 0.16875
0 0.1859375 0.3328125 0.084375 0.140625
1 0.1375 0.41484375 0.0703125 0.1078125
2 0.13984375 0.29296875 0.06875 0.0984375
2 0.10546875 0.34765625 0.0828125 0.1546875
2 0.06796875 0.43515625 0.0609375 0.0953125
2 0.10078125 0.4359375 0.0421875 0.0640625
2 0.065625 0.34765625 0.0484375 0.1046875
0 0.0296875 0.4109375 0.059375 0.1453125
2 0.03359375 0.2921875 0.0359375 0.078125
2 0.1265625 0.16953125 0.0625 0.1
2 0.2046875 0.02890625 0.075 0.0578125