2 0.0984375 0.93984375 0.084375 0.1203125
1 0.0703125 0.571875 0.140625 0.20625
2 0.09375 0.37578125 0.0546875 0.084375
2 0.1359375 0.46953125 0.065625 0.0953125
2 0.26796875 0.77578125 0.0578125 0.0828125
2 0.25546875 0.5359375 0.06875 0.0828125
2 0.403125 0.63125 0.140625 0.2328125
2 0.665625 0.62890625 0.1328125 0.225
2 0.8703125 0.21328125 0.1234375 0.2046875
2 0.85703125 0.3390625 0.0921875 0.115625
2 0.940625 0.22109375 0.08125 0.253125
1 0.9125 0.40859375 0.175 0.2640625
0 0.77890625 0.41640625 0.1796875 0.265625
0 0.640625 0.40859375 0.171875 0.2609375
0 0.58359375 0.70078125 0.1859375 0.29375
0 0.5640625 0.44140625 0.13125 0.240625