0 0.41875 0.3078125 0.10625 0.165625
0 0.43359375 0.4484375 0.10625 0.15625
0 0.43046875 0.359375 0.1015625 0.11875
1 0.52734375 0.44765625 0.0703125 0.1140625
2 0.4890625 0.45078125 0.046875 0.0765625
2 0.4859375 0.4640625 0.053125 0.0828125
0 0.6578125 0.309375 0.059375 0.0828125
0 0.80625 0.34921875 0.0453125 0.0671875
0 0.84765625 0.28359375 0.03125 0.0453125
0 0.87890625 0.27890625 0.0296875 0.0421875
0 0.915625 0.3015625 0.028125 0.040625
0 0.89453125 0.28203125 0.0296875 0.0515625
0 0.8671875 0.24921875 0.0359375 0.053125
0 0.89375 0.23515625 0.0296875 0.046875
1 0.71328125 0.2359375 0.0671875 0.096875
2 0.78046875 0.1984375 0.0484375 0.0765625
2 0.759375 0.2125 0.0234375 0.0359375
2 0.69609375 0.23125 0.0421875 0.0625
2 0.9453125 0.2375 0.021875 0.0296875
1 0.93203125 0.28359375 0.025 0.0328125
2 0.8828125 0.2453125 0.0265625 0.0390625