2 0.3640625 0.32265625 0.0640625 0.11640625
2 0.48515625 0.30234375 0.07890625 0.1703125
0 0.540625 0.44296875 0.08125 0.18203125
2 0.64296875 0.55703125 0.06015625 0.121875
2 0.5984375 0.5125 0.0703125 0.11015625
1 0.92578125 0.37890625 0.06328125 0.115625
2 0.68515625 0.5015625 0.02734375 0.0390625
0 0.9328125 0.49375 0.02265625 0.09375
0 0.965625 0.4921875 0.04375 0.084375
0 0.99296875 0.49140625 0.0140625 0.08828125
2 0.96875 0.46640625 0.03203125 0.05390625
2 0.971875 0.4171875 0.04453125 0.03984375