0 0.8390625 0.33046875 0.065625 0.109375
0 0.9 0.29453125 0.071875 0.11875
0 0.96484375 0.26328125 0.046875 0.1234375
0 0.56484375 0.37890625 0.0671875 0.1171875
0 0.44765625 0.4171875 0.0625 0.103125
0 0.3390625 0.3625 0.075 0.121875
0 0.10625 0.4078125 0.0578125 0.1015625
0 0.03828125 0.4578125 0.071875 0.1046875
0 0.07890625 0.4515625 0.0359375 0.0921875
1 0.5953125 0.33828125 0.0484375 0.0921875
2 0.540625 0.58046875 0.0609375 0.1
2 0.1359375 0.359375 0.046875 0.0828125
2 0.17734375 0.3515625 0.040625 0.071875
2 0.38671875 0.35703125 0.034375 0.0515625
2 0.5390625 0.2953125 0.0390625 0.0734375
2 0.50390625 0.46171875 0.0421875 0.0734375
2 0.6046875 0.5015625 0.0515625 0.090625
2 0.9390625 0.246875 0.0421875 0.0890625
2 0.0296875 0.40703125 0.053125 0.0734375