0 0.1171875 0.8984375 0.16875 0.203125
1 0.06953125 0.79140625 0.0984375 0.159375
2 0.04609375 0.70078125 0.0625 0.09375
1 0.1640625 0.5953125 0.1109375 0.1765625
2 0.25625 0.56953125 0.09375 0.146875
1 0.23671875 0.53359375 0.109375 0.153125
2 0.27578125 0.64609375 0.0875 0.1015625
2 0.31953125 0.54375 0.0734375 0.1015625
2 0.3359375 0.67578125 0.0859375 0.15
2 0.39296875 0.8265625 0.10625 0.19375
2 0.48515625 0.7859375 0.1140625 0.1984375
0 0.4703125 0.51484375 0.0875 0.11875
0 0.5859375 0.7859375 0.1375 0.2546875
0 0.6109375 0.8671875 0.159375 0.259375
2 0.9671875 0.8375 0.065625 0.234375
2 0.95390625 0.76171875 0.075 0.15
2 0.03359375 0.77578125 0.021875 0.071875