0 0.234375 0.684375 0.0609375 0.0984375
0 0.0421875 0.6359375 0.053125 0.096875
2 0.59921875 0.74375 0.05 0.0921875
0 0.49453125 0.55234375 0.0765625 0.1328125
1 0.7265625 0.271875 0.06875 0.1125
0 0.4015625 0.58515625 0.0765625 0.1453125
2 0.58046875 0.60078125 0.0640625 0.1046875
2 0.36953125 0.68984375 0.0625 0.1015625
1 0.14140625 0.6578125 0.0625 0.1046875
2 0.20859375 0.8015625 0.0546875 0.0796875
2 0.84765625 0.33125 0.0453125 0.0796875
2 0.13984375 0.74140625 0.034375 0.0546875
2 0.04609375 0.73203125 0.034375 0.0828125