1 0.7375 0.45 0.0953125 0.134375
1 0.89765625 0.5375 0.0109375 0.015625
1 0.9203125 0.528125 0.0109375 0.0109375
0 0.9171875 0.51640625 0.025 0.03125
1 0.88515625 0.5265625 0.0109375 0.015625
1 0.80859375 0.49296875 0.015625 0.0171875
0 0.79296875 0.49140625 0.021875 0.028125
1 0.92578125 0.8171875 0.05 0.1078125
1 0.91640625 0.53984375 0.009375 0.0140625
0 0.80078125 0.503125 0.0125 0.015625
0 0.84296875 0.52265625 0.0171875 0.021875
0 0.82734375 0.49296875 0.0109375 0.015625
0 0.82578125 0.478125 0.0109375 0.015625
0 0.68515625 0.33515625 0.0984375 0.1453125
0 0.4546875 0.490625 0.1125 0.1734375
1 0.93984375 0.7140625 0.0734375 0.1328125
0 0.55234375 0.49375 0.1390625 0.2015625
1 0.2375 0.31640625 0.0953125 0.1203125
0 0.1125 0.38203125 0.04375 0.059375
0 0.08671875 0.36328125 0.0328125 0.0484375
0 0.64765625 0.4421875 0.021875 0.0296875
0 0.37890625 0.4734375 0.03125 0.04375
1 0.25859375 0.4109375 0.025 0.034375
1 0.24453125 0.428125 0.0234375 0.0328125
2 0.2390625 0.396875 0.01875 0.0265625
0 0.22421875 0.4015625 0.01875 0.028125
1 0.1859375 0.37890625 0.0171875 0.0234375
0 0.1375 0.32890625 0.025 0.034375
0 0.03828125 0.36953125 0.0203125 0.0265625