0 0.96171875 0.6921875 0.028125 0.075
1 0.9640625 0.63203125 0.0515625 0.0765625
1 0.76328125 0.59375 0.0609375 0.0734375
1 0.7390625 0.60234375 0.05 0.06875
0 0.6375 0.53046875 0.0765625 0.103125
1 0.553125 0.65546875 0.053125 0.075
2 0.5484375 0.4703125 0.05 0.071875
0 0.53125 0.6046875 0.0609375 0.0828125
1 0.47109375 0.5578125 0.0671875 0.0921875
2 0.44921875 0.359375 0.03125 0.0390625
2 0.44609375 0.44765625 0.0421875 0.0640625
2 0.4484375 0.41953125 0.040625 0.0453125
2 0.4265625 0.559375 0.0515625 0.071875
2 0.4375 0.6109375 0.0390625 0.05
2 0.38359375 0.59765625 0.0265625 0.0359375
2 0.20234375 0.37421875 0.053125 0.0890625
2 0.203125 0.3109375 0.028125 0.0421875
0 0.1484375 0.43515625 0.059375 0.0953125
1 0.11796875 0.42578125 0.0625 0.0828125
0 0.0484375 0.47734375 0.071875 0.0984375
1 0.01640625 0.44296875 0.0328125 0.0765625
1 0.02109375 0.50625 0.0421875 0.08125
2 0.296875 0.41015625 0.034375 0.0484375
0 0.44921875 0.55546875 0.028125 0.059375