1 0.6921875 0.55390625 0.115625 0.190625
1 0.49140625 0.484375 0.140625 0.196875
1 0.4359375 0.66015625 0.1296875 0.2
1 0.015625 0.6328125 0.03125 0.203125
2 0.053125 0.84296875 0.10625 0.234375
2 0.02890625 0.9390625 0.0578125 0.121875
2 0.09140625 0.96640625 0.1078125 0.0671875
2 0.78359375 0.075 0.071875 0.1328125
2 0.64296875 0.115625 0.1125 0.1984375
2 0.615625 0.06328125 0.05625 0.1265625
2 0.5640625 0.06484375 0.084375 0.1296875
2 0.3859375 0.09921875 0.075 0.134375
2 0.4390625 0.059375 0.0875 0.11875
2 0.4953125 0.06953125 0.075 0.0984375
2 0.509375 0.02265625 0.071875 0.0453125
2 0.48984375 0.2203125 0.13125 0.24375