1 0.2390625 0.6765625 0.10859375 0.16796875
1 0.3609375 0.67890625 0.0828125 0.1578125
1 0.67421875 0.52578125 0.10234375 0.13203125
1 0.67109375 0.65859375 0.09453125 0.16953125
2 0.37890625 0.31328125 0.05625 0.10546875
2 0.40234375 0.365625 0.04296875 0.0671875
2 0.48203125 0.24921875 0.06796875 0.13203125
2 0.45703125 0.3015625 0.05390625 0.13828125
2 0.61484375 0.41953125 0.0984375 0.17578125
2 0.56328125 0.6 0.0640625 0.1171875
2 0.5984375 0.63046875 0.0765625 0.146875
2 0.3953125 0.81953125 0.08515625 0.14296875
2 0.3203125 0.765625 0.06953125 0.109375
2 0.4625 0.665625 0.10625 0.16328125