1 0.46484375 0.3078125 0.1390625 0.23125
1 0.79375 0.51015625 0.1421875 0.209375
1 0.69765625 0.21875 0.1171875 0.153125
2 0.97578125 0.24765625 0.0484375 0.1609375
2 0.86328125 0.2328125 0.06875 0.0921875
2 0.6265625 0.04765625 0.090625 0.0875
2 0.60859375 0.12109375 0.05625 0.0875
2 0.65703125 0.3828125 0.1 0.1484375
2 0.728125 0.3609375 0.0640625 0.084375
2 0.621875 0.54765625 0.1296875 0.178125
2 0.5625 0.4640625 0.13125 0.190625
2 0.575 0.32265625 0.1078125 0.159375
2 0.7578125 0.60234375 0.0875 0.13125
1 0.728125 0.48984375 0.0484375 0.15
1 0.1421875 0.01953125 0.159375 0.0390625
2 0.85078125 0.37734375 0.0671875 0.0734375