1 0.040625 0.5046875 0.08046875 0.12890625
2 0.171875 0.4515625 0.0640625 0.134375
1 0.19453125 0.396875 0.08984375 0.16171875
1 0.28359375 0.40703125 0.0875 0.16171875
2 0.21796875 0.21328125 0.07265625 0.10234375
2 0.23046875 0.4109375 0.05390625 0.171875
1 0.32109375 0.19765625 0.08984375 0.1796875
2 0.3921875 0.17734375 0.103125 0.18046875
0 0.4125 0.38359375 0.13671875 0.2640625
1 0.490625 0.478125 0.10625 0.11953125
1 0.49296875 0.63828125 0.11484375 0.2078125
2 0.39296875 0.58125 0.08984375 0.11015625