2 0.71875 0.53046875 0.053125 0.109375
0 0.75234375 0.365625 0.0734375 0.13125
1 0.67265625 0.55078125 0.0390625 0.0953125
1 0.97890625 0.59140625 0.0390625 0.103125
2 0.83984375 0.87734375 0.04375 0.0734375
0 0.7703125 0.81875 0.0625 0.084375
0 0.803125 0.73359375 0.0265625 0.05
2 0.509375 0.49296875 0.0484375 0.10625
1 0.434375 0.490625 0.0703125 0.1484375
2 0.42890625 0.5328125 0.0359375 0.0859375
1 0.38046875 0.41640625 0.065625 0.146875
1 0.05859375 0.55859375 0.046875 0.128125
0 0.04765625 0.37734375 0.053125 0.1109375
2 0.02734375 0.64765625 0.0328125 0.059375
2 0.0734375 0.64609375 0.028125 0.05625