2 0.8171875 0.1578125 0.0390625 0.0640625
2 0.6140625 0.209375 0.0546875 0.0875
2 0.815625 0.2296875 0.0671875 0.0921875
2 0.69921875 0.4921875 0.0546875 0.0828125
2 0.55625 0.43203125 0.0609375 0.1015625
2 0.475 0.38125 0.0921875 0.15625
2 0.80390625 0.54765625 0.040625 0.0640625
2 0.928125 0.26796875 0.0296875 0.053125
2 0.965625 0.28828125 0.0234375 0.0609375
2 0.84296875 0.66015625 0.03125 0.0453125
0 0.5390625 0.20859375 0.0921875 0.1484375
1 0.69921875 0.3875 0.0796875 0.1046875
2 0.0046875 0.23046875 0.009375 0.0328125
2 0.06640625 0.20234375 0.0296875 0.046875
2 0.8 0.44453125 0.0640625 0.090625
2 0.0640625 0.2921875 0.0296875 0.040625