1 0.253125 0.3953125 0.1859375 0.2296875
1 0.5625 0.31328125 0.1109375 0.146875
1 0.5796875 0.3796875 0.0921875 0.1234375
2 0.88984375 0.37578125 0.090625 0.1171875
2 0.3828125 0.3703125 0.13125 0.159375
2 0.32578125 0.48984375 0.0734375 0.09375
2 0.51953125 0.396875 0.0734375 0.071875
2 0.6296875 0.4015625 0.0546875 0.065625
2 0.79296875 0.39453125 0.084375 0.1078125
2 0.98359375 0.1796875 0.0328125 0.084375
2 0.74140625 0.3390625 0.0796875 0.09375
2 0.72578125 0.28515625 0.040625 0.053125
2 0.7640625 0.34296875 0.0359375 0.04375