2 0.89140625 0.64453125 0.159375 0.15625
2 0.7375 0.7984375 0.10625 0.1375
2 0.77265625 0.78359375 0.128125 0.1890625
1 0.840625 0.8125 0.1265625 0.1921875
1 0.93359375 0.8328125 0.0953125 0.1578125
2 0.9640625 0.884375 0.0609375 0.18125
1 0.40234375 0.43125 0.1015625 0.165625
2 0.33828125 0.4328125 0.0796875 0.1453125
2 0.36640625 0.55703125 0.059375 0.103125
2 0.29375 0.67265625 0.06875 0.10625
2 0.3140625 0.5890625 0.059375 0.09375
2 0.2796875 0.5671875 0.0875 0.1328125
2 0.25390625 0.46171875 0.065625 0.08125
2 0.1953125 0.4765625 0.040625 0.1015625
2 0.2265625 0.62421875 0.0390625 0.0609375
2 0.21328125 0.66015625 0.053125 0.075
2 0.15703125 0.70625 0.0375 0.0515625
2 0.1609375 0.4734375 0.059375 0.0796875
2 0.153125 0.51875 0.034375 0.0515625
1 0.0484375 0.53203125 0.0890625 0.1125
2 0.0734375 0.57421875 0.065625 0.08125
2 0.125 0.11484375 0.0578125 0.071875
2 0.11875 0.15625 0.046875 0.05