0 0.75390625 0.72265625 0.17578125 0.23828125
0 0.7765625 0.5625 0.171875 0.175
0 0.465625 0.40078125 0.1328125 0.18046875
0 0.45390625 0.509375 0.109375 0.12890625
0 0.3984375 0.25390625 0.12578125 0.19453125
0 0.33046875 0.36484375 0.10390625 0.1171875
0 0.30546875 0.571875 0.06484375 0.134375
1 0.0359375 0.3828125 0.06640625 0.084375
1 0.65 0.62890625 0.125 0.190625
1 0.3625 0.44140625 0.11328125 0.1796875
1 0.1734375 0.5671875 0.07421875 0.1171875
2 0.2390625 0.40625 0.0953125 0.09375
2 0.24921875 0.47890625 0.07890625 0.12734375
2 0.234375 0.55 0.06796875 0.1265625
2 0.2828125 0.62265625 0.04765625 0.05703125
1 0.20390625 0.4640625 0.02109375 0.06171875