2 0.05234375 0.7609375 0.0640625 0.1390625
2 0.05078125 0.453125 0.1015625 0.228125
2 0.15859375 0.4265625 0.1015625 0.1703125
1 0.27109375 0.55546875 0.1421875 0.246875
0 0.44296875 0.66015625 0.125 0.2015625
0 0.5546875 0.6609375 0.1265625 0.2234375
2 0.63046875 0.60546875 0.0625 0.1
2 0.68515625 0.46484375 0.0921875 0.1390625
2 0.615625 0.33125 0.0609375 0.125
0 0.784375 0.55234375 0.1453125 0.2296875
2 0.81015625 0.49296875 0.090625 0.1359375
2 0.9609375 0.371875 0.0703125 0.15
0 0.0265625 0.66796875 0.03125 0.1046875