0 0.41015625 0.29921875 0.11875 0.215625
0 0.50234375 0.32109375 0.0890625 0.1671875
0 0.4453125 0.62109375 0.071875 0.125
1 0.50078125 0.6703125 0.0546875 0.103125
2 0.63515625 0.3875 0.0765625 0.134375
0 0.6515625 0.565625 0.0640625 0.1140625
0 0.70625 0.49375 0.053125 0.0921875
0 0.6828125 0.53828125 0.0375 0.090625
0 0.840625 0.47890625 0.059375 0.1015625
2 0.896875 0.2953125 0.053125 0.06875
2 0.7484375 0.3390625 0.0484375 0.0671875
0 0.803125 0.453125 0.0359375 0.059375
2 0.95390625 0.25546875 0.0546875 0.0734375
0 0.77109375 0.46640625 0.0234375 0.0578125
1 0.75859375 0.46328125 0.0328125 0.046875