0 0.2109375 0.2734375 0.11484375 0.22734375
1 0.1078125 0.27421875 0.09140625 0.17734375
2 0.02421875 0.2671875 0.0484375 0.12421875
2 0.0265625 0.41796875 0.05234375 0.1078125
1 0.61640625 0.40234375 0.0921875 0.1453125
2 0.66328125 0.31640625 0.0609375 0.08046875
0 0.6875 0.3328125 0.09921875 0.1796875
1 0.81953125 0.415625 0.090625 0.15234375
0 0.86796875 0.29296875 0.09765625 0.1734375
1 0.98125 0.25234375 0.03671875 0.10703125
2 0.93984375 0.3578125 0.0578125 0.07109375
0 0.4734375 0.3234375 0.08984375 0.16484375