2 0.071875 0.2625 0.1 0.1625
2 0.134375 0.271875 0.059375 0.0859375
2 0.44453125 0.028125 0.1046875 0.05625
2 0.4171875 0.35078125 0.090625 0.1640625
2 0.4171875 0.41015625 0.071875 0.1140625
1 0.49765625 0.24296875 0.1140625 0.1484375
0 0.5046875 0.428125 0.1796875 0.2828125
2 0.47578125 0.59375 0.06875 0.096875
1 0.584375 0.53828125 0.134375 0.20625
0 0.56328125 0.59296875 0.140625 0.215625
2 0.64765625 0.571875 0.078125 0.125
2 0.8375 0.63671875 0.0875 0.1296875
2 0.953125 0.36328125 0.09375 0.1484375
2 0.5765625 0.6578125 0.0359375 0.046875