0 0.8203125 0.28515625 0.0671875 0.1
1 0.9 0.22890625 0.0515625 0.071875
1 0.49609375 0.56484375 0.071875 0.0890625
0 0.46953125 0.5421875 0.0546875 0.090625
2 0.4796875 0.45078125 0.0265625 0.04375
1 0.3890625 0.4875 0.0453125 0.075
0 0.359375 0.49453125 0.05 0.0890625
0 0.353125 0.40859375 0.0578125 0.0875
0 0.41796875 0.41328125 0.046875 0.071875
2 0.39453125 0.36484375 0.034375 0.046875
2 0.09140625 0.3453125 0.0390625 0.053125
0 0.115625 0.3671875 0.046875 0.0609375
0 0.15703125 0.4015625 0.0375 0.0609375
0 0.08359375 0.46953125 0.04375 0.065625
0 0.06953125 0.51171875 0.04375 0.0734375
0 0.01171875 0.4953125 0.0234375 0.0875