2 0.8203125 0.671875 0.3078125 0.4140625
1 0.38203125 0.25625 0.0796875 0.1140625
1 0.3359375 0.340625 0.05625 0.0921875
2 0.18203125 0.37734375 0.040625 0.059375
0 0.23203125 0.6 0.0515625 0.065625
0 0.175 0.5578125 0.0375 0.053125
0 0.43828125 0.4328125 0.3484375 0.4828125
0 0.146875 0.36796875 0.0484375 0.0703125
2 0.2109375 0.48125 0.0421875 0.05625
1 0.2359375 0.425 0.05 0.065625
2 0.20625 0.6296875 0.0640625 0.084375
0 0.14296875 0.42109375 0.0328125 0.0421875
1 0.13203125 0.603125 0.0296875 0.040625