1 0.2375 0.46640625 0.0765625 0.1375
0 0.42265625 0.1890625 0.09375 0.140625
0 0.0734375 0.58828125 0.0421875 0.0875
2 0.41796875 0.3109375 0.06875 0.096875
0 0.4015625 0.646875 0.09375 0.1546875
1 0.07890625 0.490625 0.0625 0.109375
0 0.75234375 0.290625 0.078125 0.1359375
2 0.0453125 0.5609375 0.0546875 0.1046875
2 0.57265625 0.66796875 0.05 0.0765625
2 0.80234375 0.3265625 0.0640625 0.109375
2 0.03359375 0.27265625 0.0671875 0.0890625
1 0.03359375 0.27265625 0.0671875 0.0890625
0 0.015625 0.40546875 0.03125 0.1328125