1 0.4765625 0.5140625 0.134375 0.196875
2 0.59140625 0.528125 0.10625 0.1453125
0 0.5140625 0.32578125 0.1390625 0.2125
0 0.584375 0.290625 0.10625 0.2234375
0 0.73359375 0.315625 0.0453125 0.071875
0 0.76484375 0.28984375 0.0390625 0.05625
0 0.86484375 0.21796875 0.0359375 0.0484375
0 0.7875 0.296875 0.03125 0.0484375
1 0.7875 0.2609375 0.015625 0.0234375
0 0.73359375 0.240625 0.0171875 0.03125
1 0.7703125 0.2140625 0.01875 0.0234375
0 0.75390625 0.1765625 0.01875 0.0265625
0 0.82109375 0.17109375 0.025 0.0375
0 0.6625 0.2390625 0.021875 0.0328125
1 0.709375 0.15859375 0.01875 0.028125
2 0.8671875 0.16015625 0.0328125 0.0453125
1 0.67578125 0.24609375 0.01875 0.0296875
2 0.61796875 0.20078125 0.0140625 0.0203125