0 0.340625 0.403125 0.09140625 0.21015625
2 0.415625 0.4296875 0.096875 0.18359375
1 0.3546875 0.6125 0.11953125 0.23359375
2 0.25546875 0.646875 0.07265625 0.14296875
2 0.29609375 0.7453125 0.06015625 0.11875
2 0.42421875 0.721875 0.06796875 0.14765625
2 0.45 0.73828125 0.04765625 0.084375
2 0.665625 0.55703125 0.0890625 0.1453125
0 0.72890625 0.371875 0.09296875 0.1671875
0 0.81484375 0.45703125 0.13828125 0.25234375
0 0.8515625 0.31484375 0.121875 0.15390625
0 0.7625 0.5078125 0.07734375 0.17734375