0 0.19921875 0.77265625 0.1109375 0.171875
1 0.2625 0.6671875 0.065625 0.1203125
1 0.17421875 0.63046875 0.0640625 0.1125
2 0.2234375 0.64296875 0.0484375 0.0609375
2 0.0234375 0.83671875 0.046875 0.1453125
2 0.04609375 0.77265625 0.0484375 0.078125
2 0.5640625 0.66484375 0.084375 0.146875
2 0.646875 0.69609375 0.0625 0.1015625
2 0.48671875 0.56328125 0.075 0.115625
2 0.38515625 0.615625 0.0609375 0.1
1 0.434375 0.71328125 0.0953125 0.1828125
1 0.50859375 0.69609375 0.053125 0.1609375
0 0.46640625 0.65703125 0.065625 0.146875
2 0.0109375 0.6609375 0.021875 0.0875
1 0.00859375 0.596875 0.0171875 0.0625
0 0.63515625 0.68203125 0.134375 0.246875