0 0.24609375 0.790625 0.08125 0.1078125
1 0.18359375 0.86484375 0.0609375 0.0765625
1 0.4875 0.43671875 0.0828125 0.0984375
0 0.51875 0.4515625 0.0671875 0.0953125
2 0.53203125 0.54296875 0.0328125 0.046875
1 0.6109375 0.48359375 0.05625 0.0796875
0 0.6375 0.46953125 0.0625 0.09375
0 0.665625 0.55 0.0703125 0.09375
0 0.6015625 0.5625 0.0578125 0.078125
2 0.63671875 0.603125 0.0421875 0.0515625
2 0.93515625 0.54296875 0.0453125 0.0578125
0 0.90546875 0.52890625 0.05625 0.0671875
0 0.85703125 0.50625 0.0453125 0.0640625
0 0.91015625 0.421875 0.053125 0.0703125
0 0.9125 0.37734375 0.0546875 0.078125
0 0.9734375 0.3765625 0.0390625 0.0890625