1 0.49921875 0.4890625 0.11484375 0.196875
0 0.32890625 0.6453125 0.04765625 0.08046875
1 0.42734375 0.7578125 0.05234375 0.08203125
0 0.25390625 0.603125 0.040625 0.06953125
0 0.49453125 0.7015625 0.0828125 0.1453125
0 0.9609375 0.9109375 0.07734375 0.1703125
0 0.815625 0.19453125 0.14453125 0.22265625
0 0.2078125 0.43125 0.0265625 0.05
0 0.2484375 0.2984375 0.04140625 0.078125
0 0.31796875 0.3578125 0.0453125 0.0984375
0 0.4515625 0.63515625 0.05625 0.1015625
2 0.225 0.384375 0.0390625 0.0671875
0 0.2609375 0.48359375 0.0515625 0.09296875
0 0.2703125 0.5484375 0.04296875 0.07578125