0 0.88125 0.28671875 0.134375 0.221875
0 0.84765625 0.59765625 0.0890625 0.13125
2 0.57890625 0.3421875 0.071875 0.1140625
2 0.5328125 0.35390625 0.0484375 0.0875
0 0.49140625 0.34296875 0.04375 0.084375
1 0.4765625 0.41171875 0.0453125 0.0859375
2 0.43125 0.29609375 0.0359375 0.0578125
1 0.41796875 0.53671875 0.04375 0.075
0 0.43046875 0.68359375 0.0484375 0.084375
1 0.3890625 0.13984375 0.05625 0.0875
2 0.25859375 0.40078125 0.04375 0.0703125
2 0.28125 0.5171875 0.046875 0.0578125
2 0.31796875 0.64296875 0.0328125 0.05625
2 0.5265625 0.47109375 0.0921875 0.1453125