2 0.17890625 0.34921875 0.0625 0.128125
2 0.2234375 0.33515625 0.0546875 0.1046875
2 0.1796875 0.21796875 0.0296875 0.0515625
2 0.15703125 0.2359375 0.04375 0.0890625
2 0.08671875 0.26484375 0.040625 0.0578125
2 0.4359375 0.5234375 0.03125 0.0609375
2 0.6125 0.50546875 0.053125 0.103125
2 0.690625 0.525 0.0421875 0.0703125
2 0.6921875 0.43828125 0.040625 0.0921875
2 0.74765625 0.3671875 0.078125 0.146875
2 0.77265625 0.45078125 0.059375 0.1125
2 0.8203125 0.50390625 0.05 0.0953125
0 0.56875 0.44296875 0.0890625 0.1765625
0 0.41328125 0.50546875 0.0734375 0.1265625
0 0.98125 0.56640625 0.0375 0.1421875
1 0.71015625 0.3984375 0.0703125 0.134375
1 0.48515625 0.53359375 0.0609375 0.125
1 0.5875 0.51328125 0.0375 0.0703125