2 0.2421875 0.55625 0.071875 0.10625
2 0.2203125 0.7703125 0.065625 0.11875
2 0.26171875 0.82109375 0.1265625 0.2046875
2 0.3890625 0.5171875 0.1046875 0.1625
2 0.0765625 0.3296875 0.084375 0.1015625
2 0.03203125 0.32421875 0.0453125 0.153125
2 0.47265625 0.46328125 0.075 0.1171875
2 0.52578125 0.56015625 0.146875 0.2203125
2 0.615625 0.29765625 0.1046875 0.1578125
2 0.67890625 0.465625 0.11875 0.16875
2 0.62890625 0.6015625 0.08125 0.1265625
0 0.4078125 0.25234375 0.125 0.1765625
0 0.3265625 0.23671875 0.1234375 0.196875
0 0.4296875 0.59453125 0.1078125 0.1359375
1 0.05546875 0.421875 0.109375 0.1171875
1 0.9140625 0.4984375 0.1453125 0.190625