2 0.1765625 0.3546875 0.06015625 0.1265625
2 0.2203125 0.33984375 0.053125 0.103125
2 0.175 0.2234375 0.028125 0.0515625
2 0.15234375 0.2421875 0.0421875 0.0890625
2 0.0828125 0.271875 0.03984375 0.0578125
2 0.43671875 0.52421875 0.03046875 0.06015625
2 0.6125 0.503125 0.05078125 0.1015625
2 0.69140625 0.521875 0.04140625 0.0703125
2 0.69140625 0.43515625 0.03828125 0.09140625
2 0.7453125 0.3625 0.07578125 0.14609375
2 0.771875 0.44609375 0.05703125 0.1109375
2 0.8203125 0.4984375 0.0484375 0.09453125
0 0.56796875 0.44140625 0.08671875 0.175
0 0.41328125 0.50703125 0.07109375 0.125
0 0.9828125 0.55859375 0.034375 0.1421875
1 0.70859375 0.39453125 0.06796875 0.1328125
1 0.4859375 0.53359375 0.059375 0.1234375
1 0.5875 0.51171875 0.0359375 0.06953125