0 0.9640625 0.51484375 0.0328125 0.0640625
0 0.86796875 0.609375 0.040625 0.0796875
0 0.93984375 0.60703125 0.021875 0.0609375
1 0.82578125 0.6578125 0.0328125 0.05625
2 0.721875 0.60703125 0.021875 0.040625
1 0.73046875 0.48828125 0.04375 0.0796875
2 0.675 0.53203125 0.040625 0.071875
0 0.62109375 0.478125 0.05625 0.0984375
0 0.5203125 0.540625 0.04375 0.084375
2 0.60390625 0.63671875 0.028125 0.05625
2 0.53984375 0.60390625 0.03125 0.0515625
0 0.3453125 0.4875 0.0484375 0.09375
0 0.265625 0.45078125 0.0421875 0.0796875
2 0.27265625 0.49765625 0.0234375 0.0421875
2 0.30390625 0.559375 0.0296875 0.0546875
2 0.30859375 0.62578125 0.021875 0.0421875