0 0.625 0.2078125 0.14921875 0.315625
0 0.2390625 0.521875 0.12421875 0.2140625
0 0.3796875 0.37265625 0.121875 0.2125
0 0.13359375 0.24296875 0.0734375 0.14453125
0 0.22578125 0.034375 0.07890625 0.06875
2 0.04453125 0.18359375 0.040625 0.06953125
2 0.06796875 0.25625 0.0453125 0.078125
2 0.0828125 0.34140625 0.0453125 0.06171875
2 0.7421875 0.61484375 0.09453125 0.165625
2 0.7046875 0.36796875 0.1109375 0.23125
1 0.3484375 0.53203125 0.11015625 0.20234375
2 0.6671875 0.4828125 0.0875 0.19140625