1 0.35546875 0.659375 0.1078125 0.171875
1 0.51796875 0.57734375 0.1109375 0.1890625
2 0.48203125 0.27109375 0.096875 0.1796875
2 0.6046875 0.27421875 0.0875 0.1578125
2 0.7375 0.09765625 0.09375 0.1296875
2 0.80703125 0.17734375 0.08125 0.115625
1 0.7328125 0.31875 0.1125 0.1484375
0 0.796875 0.48984375 0.1421875 0.25
0 0.9015625 0.60390625 0.128125 0.1921875
0 0.9234375 0.46953125 0.1203125 0.1453125
0 0.96953125 0.57421875 0.0609375 0.1421875
2 0.69140625 0.52109375 0.040625 0.096875
2 0.73203125 0.5078125 0.071875 0.1421875
2 0.80078125 0.66171875 0.090625 0.1328125
2 0.83125 0.565625 0.065625 0.096875