0 0.7265625 0.471875 0.08515625 0.1578125
0 0.61328125 0.33984375 0.07734375 0.13671875
2 0.2875 0.79140625 0.09453125 0.2
2 0.19375 0.7046875 0.0734375 0.09765625
0 0.2703125 0.62265625 0.109375 0.1796875
2 0.8609375 0.31640625 0.0734375 0.10546875
0 0.38515625 0.3375 0.0875 0.12890625
0 0.028125 0.27421875 0.0546875 0.08125
0 0.3140625 0.5 0.04609375 0.05234375
0 0.25546875 0.42734375 0.05859375 0.0671875
1 0.58828125 0.50390625 0.0546875 0.08515625
0 0.69765625 0.7140625 0.05078125 0.0828125
2 0.45546875 0.3359375 0.04921875 0.075
2 0.44140625 0.509375 0.05078125 0.07421875