2 0.1484375 0.11015625 0.06953125 0.0828125
0 0.16796875 0.31015625 0.0875 0.15234375
2 0.2171875 0.30390625 0.0703125 0.10625
2 0.21640625 0.1859375 0.0953125 0.13515625
2 0.27578125 0.0671875 0.0734375 0.09375
2 0.228125 0.0921875 0.04375 0.05546875
2 0.38125 0.1234375 0.0734375 0.1
2 0.36171875 0.25625 0.04140625 0.0796875
1 0.40703125 0.2890625 0.08828125 0.15546875
2 0.49609375 0.2828125 0.071875 0.11796875
0 0.5421875 0.3453125 0.10703125 0.1765625
1 0.6796875 0.103125 0.08046875 0.13125
0 0.753125 0.14765625 0.0953125 0.1546875
0 0.9640625 0.07578125 0.071875 0.1515625