0 0.9546875 0.55859375 0.0546875 0.0796875
0 0.89296875 0.41171875 0.06875 0.121875
0 0.85703125 0.375 0.05625 0.084375
0 0.36875 0.3046875 0.0546875 0.0734375
0 0.34140625 0.23515625 0.06875 0.10625
0 0.2609375 0.34921875 0.0671875 0.1078125
1 0.58046875 0.359375 0.0609375 0.1078125
1 0.81328125 0.35078125 0.03125 0.065625
2 0.83984375 0.34921875 0.03125 0.0578125
2 0.96875 0.52734375 0.03125 0.040625
2 0.55390625 0.29921875 0.03125 0.0671875
2 0.53359375 0.3359375 0.034375 0.0671875
2 0.53359375 0.27734375 0.0265625 0.040625
2 0.4703125 0.27265625 0.0359375 0.0625
2 0.5078125 0.328125 0.0359375 0.0875
2 0.38828125 0.24375 0.034375 0.0625
2 0.290625 0.284375 0.0328125 0.05625
2 0.26171875 0.28203125 0.028125 0.04375
2 0.2046875 0.30703125 0.0546875 0.0796875
2 0.1453125 0.246875 0.0390625 0.0640625
2 0.10390625 0.2921875 0.0484375 0.0875
2 0.075 0.22578125 0.04375 0.059375
2 0.05078125 0.2203125 0.0359375 0.0609375
2 0.31328125 0.2359375 0.0203125 0.028125
2 0.19375 0.315625 0.028125 0.0421875
2 0.03515625 0.20234375 0.0171875 0.04375