0 0.271875 0.3453125 0.075 0.1171875
2 0.3359375 0.3671875 0.0421875 0.0625
1 0.378125 0.36015625 0.0484375 0.0859375
2 0.4203125 0.37109375 0.04375 0.065625
1 0.46328125 0.346875 0.0546875 0.084375
1 0.3984375 0.4484375 0.0734375 0.0984375
0 0.45546875 0.434375 0.0578125 0.0859375
2 0.496875 0.42890625 0.0421875 0.0671875
0 0.509375 0.4390625 0.059375 0.0875
2 0.55859375 0.4109375 0.040625 0.0609375
1 0.6 0.41796875 0.0453125 0.06875
1 0.6140625 0.42109375 0.06875 0.115625
1 0.66328125 0.4203125 0.046875 0.0765625
2 0.63828125 0.31328125 0.0390625 0.0640625
2 0.64921875 0.32578125 0.046875 0.0765625
0 0.74453125 0.41953125 0.06875 0.090625
1 0.8265625 0.484375 0.053125 0.0625
0 0.875 0.44296875 0.065625 0.1015625
1 0.959375 0.38359375 0.0609375 0.075
1 0.896875 0.42421875 0.05625 0.078125