1 0.24375 0.421875 0.16484375 0.2140625
1 0.54296875 0.3078125 0.09765625 0.13671875
1 0.56640625 0.371875 0.08125 0.115625
2 0.875 0.3359375 0.0796875 0.109375
2 0.3703125 0.38359375 0.1171875 0.14765625
2 0.32578125 0.5078125 0.06484375 0.0875
2 0.50859375 0.3953125 0.06640625 0.065625
2 0.61875 0.38828125 0.0484375 0.0609375
2 0.78046875 0.36484375 0.07421875 0.1
2 0.96484375 0.12890625 0.05859375 0.07890625
2 0.7234375 0.31484375 0.0703125 0.0875
2 0.70234375 0.2625 0.0359375 0.05
2 0.74609375 0.31640625 0.03125 0.04140625