2 0.446875 0.42734375 0.13984375 0.17109375
2 0.50234375 0.53046875 0.07421875 0.08359375
2 0.5375 0.4296875 0.1078125 0.140625
1 0.62578125 0.35234375 0.17421875 0.20390625
2 0.6609375 0.3328125 0.08515625 0.10703125
2 0.709375 0.49609375 0.06640625 0.08671875
2 0.84140625 0.39296875 0.040625 0.053125
2 0.94375 0.478125 0.04296875 0.05390625
2 0.91015625 0.46484375 0.03984375 0.05390625
2 0.9109375 0.40546875 0.08515625 0.07734375
2 0.9046875 0.3171875 0.08359375 0.0875
2 0.95625 0.38203125 0.08671875 0.13984375
1 0.9578125 0.23984375 0.08203125 0.13359375