2 0.6578125 0.6015625 0.0578125 0.0953125
2 0.07890625 0.34921875 0.040625 0.0734375
2 0.0359375 0.403125 0.03125 0.046875
2 0.13046875 0.34296875 0.046875 0.09375
1 0.20234375 0.4046875 0.059375 0.1109375
2 0.47578125 0.5140625 0.053125 0.0859375
2 0.10234375 0.36640625 0.03125 0.053125
2 0.48046875 0.45625 0.05625 0.078125
1 0.7234375 0.57421875 0.059375 0.0953125
2 0.1171875 0.44140625 0.0375 0.0625
0 0.71875 0.5 0.0609375 0.08125
2 0.6328125 0.2484375 0.05 0.0796875
2 0.95703125 0.66953125 0.028125 0.0578125
2 0.11953125 0.51015625 0.0296875 0.05