0 0.21796875 0.32265625 0.0703125 0.128125
0 0.39921875 0.2484375 0.075 0.1578125
0 0.646875 0.4046875 0.06875 0.146875
1 0.33515625 0.48515625 0.0515625 0.125
1 0.0515625 0.48828125 0.0484375 0.1046875
2 0.90390625 0.57109375 0.0296875 0.06875
0 0.6 0.34453125 0.0578125 0.1359375
2 0.2265625 0.4265625 0.0453125 0.08125
2 0.29296875 0.6921875 0.0328125 0.06875
1 0.265625 0.4703125 0.053125 0.096875
2 0.56015625 0.58828125 0.046875 0.0890625
2 0.97265625 0.43515625 0.0546875 0.1046875
2 0.00859375 0.5625 0.0171875 0.06875