0 0.43671875 0.56953125 0.1421875 0.2078125
0 0.2859375 0.6140625 0.1015625 0.10625
0 0.3109375 0.5390625 0.084375 0.096875
1 0.03671875 0.4375 0.0734375 0.09375
2 0.08828125 0.484375 0.071875 0.1109375
1 0.134375 0.4734375 0.1 0.13125
1 0.3796875 0.38125 0.10625 0.1609375
1 0.94296875 0.38671875 0.1140625 0.2171875
1 0.08046875 0.72109375 0.096875 0.1265625
0 0.01171875 0.5078125 0.0234375 0.084375
2 0.0125 0.6265625 0.025 0.078125
2 0.0796875 0.78125 0.0734375 0.0890625
2 0.17734375 0.7578125 0.0703125 0.096875
2 0.18984375 0.7984375 0.04375 0.0578125
2 0.1609375 0.8703125 0.096875 0.15
2 0.49296875 0.39921875 0.10625 0.1546875
2 0.96796875 0.40234375 0.0640625 0.1953125