1 0.084375 0.66015625 0.090625 0.1328125
2 0.24140625 0.58203125 0.05546875 0.09921875
2 0.2484375 0.7015625 0.03671875 0.05703125
0 0.16953125 0.51484375 0.08125 0.15625
0 0.55546875 0.50625 0.06484375 0.1140625
1 0.52578125 0.57890625 0.0609375 0.10546875
1 0.63671875 0.41328125 0.04765625 0.08203125
0 0.60234375 0.4109375 0.03515625 0.09140625
2 0.61953125 0.5296875 0.0296875 0.04609375
1 0.73828125 0.52265625 0.05390625 0.096875
1 0.79375 0.50234375 0.0546875 0.0890625
0 0.79765625 0.43203125 0.05703125 0.06640625
0 0.90078125 0.409375 0.06328125 0.11875
2 0.93359375 0.4234375 0.02890625 0.065625
2 0.9671875 0.40078125 0.0265625 0.0453125