2 0.10625 0.6375 0.15703125 0.153125
2 0.25703125 0.79453125 0.10390625 0.1359375
2 0.22265625 0.77890625 0.12421875 0.18671875
1 0.15390625 0.80625 0.12265625 0.18984375
1 0.0609375 0.825 0.0921875 0.15625
2 0.02890625 0.8765625 0.0578125 0.18046875
1 0.59921875 0.4328125 0.0984375 0.16328125
2 0.6625 0.4359375 0.07734375 0.14375
2 0.6328125 0.559375 0.05703125 0.10234375
2 0.703125 0.6765625 0.0671875 0.10546875
2 0.684375 0.5921875 0.05703125 0.09296875
2 0.71875 0.57109375 0.08515625 0.13125
2 0.746875 0.46640625 0.06484375 0.08046875
2 0.8046875 0.48203125 0.0390625 0.10078125
2 0.77109375 0.62890625 0.03828125 0.06015625
2 0.78359375 0.66484375 0.0515625 0.07421875
2 0.8390625 0.7125 0.03671875 0.0515625
2 0.83984375 0.4796875 0.05859375 0.078125
2 0.846875 0.525 0.0328125 0.05078125
1 0.95078125 0.53984375 0.08671875 0.1109375
2 0.925 0.58203125 0.06484375 0.08046875
2 0.88203125 0.12109375 0.05703125 0.0703125
2 0.8875 0.16328125 0.04609375 0.0484375