2 0.89375 0.228125 0.1015625 0.1515625
0 0.76171875 0.41171875 0.159375 0.259375
2 0.64375 0.4265625 0.1203125 0.215625
2 0.559375 0.5921875 0.1125 0.19375
0 0.51484375 0.771875 0.1390625 0.221875
0 0.44140625 0.7265625 0.1359375 0.2265625
2 0.45546875 0.575 0.1015625 0.16875
2 0.41875 0.52890625 0.0703125 0.146875
2 0.36015625 0.48984375 0.0875 0.1625
2 0.29453125 0.5546875 0.096875 0.1453125
2 0.2328125 0.72734375 0.1421875 0.2375
1 0.31796875 0.6453125 0.1109375 0.1328125
0 0.121875 0.76640625 0.121875 0.18125
2 0.05625 0.68359375 0.08125 0.11875
1 0.53984375 0.64453125 0.10625 0.2109375