1 0.23046875 0.6625 0.1171875 0.1734375
1 0.3515625 0.67109375 0.090625 0.1625
1 0.67265625 0.53515625 0.109375 0.1375
1 0.6625 0.6671875 0.103125 0.175
2 0.3890625 0.30703125 0.0609375 0.1078125
2 0.409375 0.3609375 0.046875 0.06875
2 0.4953125 0.2484375 0.075 0.1359375
2 0.4671875 0.29921875 0.0609375 0.140625
2 0.61875 0.42578125 0.1078125 0.18125
2 0.5578125 0.603125 0.0703125 0.1203125
2 0.59140625 0.63515625 0.084375 0.15
2 0.37890625 0.81328125 0.0921875 0.146875
2 0.30703125 0.75546875 0.075 0.1125
2 0.45390625 0.66328125 0.1140625 0.16875