2 0.02421875 0.2953125 0.04765625 0.134375
2 0.05 0.6015625 0.0984375 0.2171875
2 0.1703125 0.61484375 0.0828125 0.1609375
1 0.26640625 0.47265625 0.11484375 0.23515625
0 0.42421875 0.34765625 0.10234375 0.18984375
0 0.534375 0.33359375 0.1015625 0.21328125
2 0.61640625 0.3796875 0.0515625 0.09375
2 0.68828125 0.5125 0.0765625 0.13125
2 0.63515625 0.653125 0.04609375 0.11953125
0 0.77578125 0.41328125 0.1203125 0.2171875
2 0.80859375 0.46953125 0.075 0.12734375
2 0.9734375 0.57109375 0.05234375 0.14453125
0 0.009375 0.390625 0.01875 0.103125