1 0.5421875 0.5 0.0921875 0.1546875
2 0.38515625 0.70234375 0.0734375 0.1359375
2 0.24921875 0.6921875 0.05 0.0703125
2 0.34765625 0.58828125 0.04375 0.08125
0 0.4125 0.40390625 0.121875 0.2515625
1 0.35859375 0.59921875 0.0953125 0.175
2 0.65703125 0.4078125 0.0484375 0.1296875
2 0.46953125 0.61875 0.0484375 0.0828125
2 0.46328125 0.47265625 0.0578125 0.1171875
0 0.70546875 0.23984375 0.1359375 0.196875
2 0.62578125 0.3984375 0.0734375 0.140625
2 0.59140625 0.4375 0.0328125 0.0546875
2 0.81796875 0.1 0.0546875 0.0765625
2 0.81796875 0.04375 0.0796875 0.06875