2 0.75078125 0.53671875 0.0578125 0.1234375
2 0.68828125 0.51015625 0.0359375 0.0734375
2 0.64453125 0.3859375 0.0640625 0.121875
2 0.125 0.46171875 0.025 0.0625
2 0.69609375 0.684375 0.0578125 0.1171875
2 0.18671875 0.53359375 0.0625 0.10625
2 0.02421875 0.5875 0.0328125 0.0640625
2 0.23984375 0.84453125 0.034375 0.0578125
2 0.171875 0.77421875 0.0421875 0.078125
2 0.3234375 0.7796875 0.04375 0.0921875
0 0.596875 0.46875 0.0734375 0.15625
2 0.39375 0.74375 0.0359375 0.0703125
2 0.63515625 0.534375 0.040625 0.071875
0 0.12890625 0.765625 0.05625 0.10625
2 0.08984375 0.72265625 0.0359375 0.0546875