2 0.09765625 0.50078125 0.075 0.1140625
2 0.18203125 0.45078125 0.09453125 0.1734375
0 0.22734375 0.47265625 0.11484375 0.24921875
2 0.1234375 0.36484375 0.08125 0.10078125
2 0.334375 0.51796875 0.0625 0.121875
2 0.36328125 0.44453125 0.09921875 0.1953125
1 0.4828125 0.32578125 0.0984375 0.2390625
2 0.53671875 0.36875 0.03828125 0.103125
2 0.6171875 0.596875 0.096875 0.18046875
1 0.75078125 0.7359375 0.0953125 0.19921875
2 0.6796875 0.68046875 0.09609375 0.19296875
2 0.628125 0.71796875 0.03828125 0.09921875
0 0.60234375 0.7078125 0.0296875 0.07265625
2 0.44453125 0.58203125 0.046875 0.06953125