2 0.11171875 0.42421875 0.0625 0.1015625
2 0.14921875 0.44765625 0.05703125 0.13515625
2 0.24765625 0.53515625 0.0328125 0.05859375
2 0.28125 0.33359375 0.0671875 0.140625
2 0.29609375 0.46875 0.04609375 0.08671875
1 0.28359375 0.57890625 0.065625 0.115625
2 0.36171875 0.6109375 0.08203125 0.13671875
1 0.40625 0.54296875 0.096875 0.19140625
1 0.4640625 0.5140625 0.09375 0.17109375
2 0.4734375 0.65390625 0.0796875 0.1234375
2 0.51640625 0.5671875 0.06796875 0.10859375
2 0.509375 0.48515625 0.0546875 0.0953125
2 0.625 0.2359375 0.0828125 0.14375
2 0.8171875 0.1140625 0.12109375 0.1828125