1 0.2796875 0.39765625 0.0703125 0.12109375
1 0.10390625 0.446875 0.00859375 0.0140625
1 0.084375 0.4328125 0.00859375 0.00859375
0 0.08984375 0.421875 0.01875 0.02734375
1 0.11875 0.4390625 0.00859375 0.0140625
1 0.20078125 0.4234375 0.01328125 0.01484375
0 0.21640625 0.42578125 0.01640625 0.02578125
1 0.0140625 0.71328125 0.028125 0.10390625
1 0.08515625 0.4453125 0.00625 0.0125
0 0.20625 0.43515625 0.009375 0.0140625
0 0.1609375 0.4453125 0.0125 0.0203125
0 0.1828125 0.41953125 0.0078125 0.01484375
0 0.1875 0.40546875 0.0078125 0.0140625
0 0.35703125 0.29765625 0.07109375 0.1328125
0 0.54609375 0.50078125 0.07890625 0.16015625
1 0.0234375 0.609375 0.046875 0.125
0 0.45078125 0.48203125 0.1 0.18359375
1 0.796875 0.38046875 0.07265625 0.10625
0 0.90390625 0.471875 0.03203125 0.053125
0 0.93359375 0.46015625 0.02421875 0.04375
0 0.36953125 0.41015625 0.01640625 0.0265625
0 0.62421875 0.5015625 0.02265625 0.03984375
1 0.75546875 0.46796875 0.01796875 0.03125
1 0.76484375 0.4875 0.0171875 0.02890625
2 0.77734375 0.4578125 0.0140625 0.02421875
0 0.790625 0.46640625 0.0140625 0.025
1 0.83359375 0.45234375 0.0125 0.021875
0 0.89140625 0.41484375 0.01875 0.03125
0 0.97890625 0.4765625 0.015625 0.02421875