0 0.2625 0.66953125 0.0859375 0.128125
0 0.02734375 0.69453125 0.028125 0.1046875
2 0.20859375 0.64609375 0.0578125 0.078125
1 0.3234375 0.63828125 0.05625 0.08125
1 0.5015625 0.73046875 0.1015625 0.153125
0 0.7921875 0.75546875 0.0796875 0.1375
0 0.95703125 0.80546875 0.0859375 0.1453125
1 0.99375 0.78203125 0.0125 0.1171875
1 0.90859375 0.74765625 0.071875 0.1
2 0.89765625 0.684375 0.0546875 0.059375
2 0.52734375 0.6015625 0.05 0.065625
2 0.4578125 0.653125 0.0578125 0.08125
1 0.5765625 0.68046875 0.065625 0.1140625