1 0.44375 0.33984375 0.1546875 0.25625
1 0.6984375 0.52421875 0.10625 0.153125
2 0.4 0.0453125 0.06875 0.090625
2 0.13359375 0.221875 0.0453125 0.0640625
2 0.478125 0.5890625 0.090625 0.14375
2 0.55234375 0.48359375 0.1234375 0.1953125
2 0.53203125 0.60078125 0.05625 0.090625
2 0.62109375 0.61875 0.0390625 0.0640625
2 0.7015625 0.41796875 0.0875 0.09375
2 0.78046875 0.4859375 0.06875 0.109375
2 0.85 0.446875 0.046875 0.0578125
2 0.90859375 0.3609375 0.059375 0.09375
2 0.4546875 0.54375 0.0453125 0.059375
2 0.79453125 0.43203125 0.0625 0.0578125