0 0.075 0.1203125 0.14453125 0.23515625
1 0.04140625 0.25546875 0.0828125 0.1515625
2 0.02734375 0.34765625 0.05390625 0.08828125
1 0.15625 0.440625 0.09375 0.16796875
2 0.25 0.45625 0.0796875 0.13984375
1 0.234375 0.49453125 0.0953125 0.14375
2 0.26171875 0.378125 0.078125 0.09453125
2 0.315625 0.475 0.06328125 0.0953125
2 0.31875 0.3421875 0.07109375 0.14296875
2 0.359375 0.18671875 0.0875 0.1859375
2 0.45546875 0.2171875 0.0953125 0.18984375
0 0.46875 0.48828125 0.07578125 0.1109375
0 0.55546875 0.20703125 0.1125 0.24375
0 0.571875 0.1234375 0.13359375 0.246875
2 0.95390625 0.11328125 0.09140625 0.2265625
2 0.92421875 0.1921875 0.059375 0.1453125
2 0.00703125 0.27421875 0.0140625 0.0703125