2 0.5984375 0.66796875 0.134375 0.2375
2 0.57890625 0.3484375 0.1234375 0.19375
2 0.42734375 0.27265625 0.18125 0.35625
2 0.5078125 0.58671875 0.1546875 0.2609375
2 0.4890625 0.40234375 0.096875 0.1609375
0 0.73515625 0.53359375 0.228125 0.4171875
1 0.29140625 0.08203125 0.1328125 0.1640625
2 0.1890625 0.06328125 0.10625 0.1265625
2 0.0578125 0.0625 0.0625 0.125
1 0.06484375 0.1390625 0.09375 0.1953125
2 0.0359375 0.2734375 0.0484375 0.103125
2 0.034375 0.19765625 0.0375 0.13125
0 0.32890625 0.0765625 0.1015625 0.153125