0 0.790625 0.3375 0.0640625 0.12421875
0 0.6140625 0.25390625 0.06640625 0.15390625
0 0.35859375 0.396875 0.0609375 0.14453125
1 0.665625 0.49375 0.04453125 0.1234375
1 0.9484375 0.51171875 0.04296875 0.103125
2 0.09296875 0.55 0.0265625 0.0671875
0 0.40859375 0.33984375 0.0515625 0.13359375
2 0.7765625 0.440625 0.04140625 0.07890625
2 0.696875 0.703125 0.0296875 0.06796875
1 0.7359375 0.4828125 0.04765625 0.09375
2 0.43515625 0.58515625 0.04296875 0.0875
2 0.0296875 0.4109375 0.053125 0.10234375
2 0.98984375 0.5890625 0.0203125 0.06796875