0 0.725 0.2484375 0.203125 0.2578125
0 0.7671875 0.40390625 0.1921875 0.1953125
0 0.478125 0.60234375 0.153125 0.1953125
0 0.453125 0.49609375 0.125 0.140625
0 0.42890625 0.75625 0.1484375 0.2078125
0 0.3484375 0.6546875 0.1171875 0.1296875
0 0.2984375 0.45234375 0.08125 0.140625
1 0.05390625 0.67265625 0.0765625 0.0921875
1 0.6328125 0.35390625 0.146875 0.2046875
1 0.3703125 0.575 0.134375 0.1921875
1 0.16796875 0.4734375 0.0875 0.125
2 0.25234375 0.625 0.10625 0.1046875
2 0.25390625 0.5515625 0.09375 0.1359375
2 0.23046875 0.4828125 0.0828125 0.134375
2 0.26953125 0.4046875 0.0546875 0.0625
1 0.21015625 0.571875 0.028125 0.0640625