2 0.26171875 0.365625 0.109375 0.1609375
2 0.325 0.24921875 0.109375 0.1578125
2 0.45078125 0.303125 0.059375 0.0984375
2 0.3234375 0.14453125 0.0421875 0.0734375
1 0.278125 0.4015625 0.1625 0.2453125
2 0.50546875 0.60546875 0.0640625 0.1265625
1 0.55 0.66953125 0.1046875 0.1828125
2 0.58359375 0.59375 0.06875 0.115625
2 0.80703125 0.88671875 0.0625 0.1125
2 0.71640625 0.8765625 0.0609375 0.1203125
2 0.71171875 0.84140625 0.0875 0.1421875
2 0.7703125 0.6703125 0.0796875 0.1296875
2 0.8125 0.4234375 0.05 0.0796875
2 0.83515625 0.484375 0.0484375 0.0828125
2 0.865625 0.44921875 0.046875 0.065625
2 0.84375 0.61953125 0.046875 0.078125
2 0.878125 0.55078125 0.09375 0.1203125
2 0.92890625 0.55859375 0.0546875 0.0859375
2 0.978125 0.46015625 0.04375 0.0734375
2 0.9328125 0.62421875 0.0609375 0.078125
1 0.90078125 0.51328125 0.0390625 0.0421875
1 0.9609375 0.60234375 0.0421875 0.0875
2 0.94453125 0.5203125 0.05 0.075
2 0.984375 0.515625 0.03125 0.053125
1 0.975 0.571875 0.046875 0.0546875
2 0.984375 0.60703125 0.0265625 0.0671875