0 0.0421875 0.46015625 0.084375 0.2109375
0 0.0390625 0.16796875 0.078125 0.1921875
0 0.1625 0.45625 0.1203125 0.1640625
0 0.4328125 0.4296875 0.1796875 0.275
1 0.31171875 0.6234375 0.1640625 0.2515625
1 0.4625 0.71484375 0.184375 0.28125
2 0.68671875 0.41875 0.165625 0.2390625
2 0.728125 0.7640625 0.0875 0.1484375
2 0.596875 0.93515625 0.0859375 0.11875
2 0.38671875 0.4859375 0.15625 0.2484375
2 0.11171875 0.19296875 0.15 0.2328125
2 0.1046875 0.5453125 0.0953125 0.11875
2 0.45546875 0.325 0.128125 0.178125