2 0.753125 0.56953125 0.1625 0.2
2 0.63046875 0.54765625 0.1171875 0.15
2 0.5796875 0.6015625 0.121875 0.1640625
2 0.54765625 0.4109375 0.1 0.121875
2 0.59140625 0.3234375 0.1125 0.159375
2 0.3546875 0.24921875 0.0734375 0.0921875
2 0.3328125 0.15390625 0.0734375 0.084375
2 0.2140625 0.453125 0.121875 0.1484375
2 0.36796875 0.43203125 0.06875 0.0796875
2 0.43515625 0.515625 0.115625 0.165625
2 0.16953125 0.3421875 0.1125 0.1328125
1 0.5390625 0.47890625 0.18125 0.228125
0 0.94765625 0.4828125 0.1046875 0.14375