2 0.8515625 0.09453125 0.14375 0.1890625
2 0.81640625 0.1265625 0.1359375 0.21875
2 0.92421875 0.25390625 0.103125 0.1703125
2 0.8890625 0.0859375 0.10625 0.171875
2 0.93671875 0.49296875 0.1109375 0.1640625
2 0.98359375 0.68359375 0.0328125 0.1234375
2 0.790625 0.34453125 0.2234375 0.315625
2 0.665625 0.2640625 0.1609375 0.2515625
0 0.52421875 0.290625 0.290625 0.4796875
2 0.6875 0.671875 0.140625 0.221875
2 0.5609375 0.54453125 0.11875 0.134375
1 0.38671875 0.49609375 0.196875 0.30625
1 0.10078125 0.31328125 0.2015625 0.3015625
2 0.0984375 0.60703125 0.1875 0.2421875