0 0.59140625 0.3125 0.1140625 0.1671875
0 0.56875 0.45234375 0.1125 0.1578125
0 0.57734375 0.36328125 0.10625 0.121875
1 0.47578125 0.446875 0.075 0.1140625
2 0.5140625 0.45078125 0.05 0.0765625
2 0.515625 0.46484375 0.05625 0.0828125
0 0.35234375 0.3015625 0.0625 0.084375
0 0.2015625 0.33359375 0.0484375 0.0671875
0 0.1640625 0.265625 0.0328125 0.0453125
0 0.13359375 0.259375 0.03125 0.0421875
0 0.0953125 0.2796875 0.0296875 0.040625
0 0.1171875 0.26171875 0.0328125 0.0515625
0 0.146875 0.23046875 0.0375 0.053125
0 0.12109375 0.21484375 0.03125 0.046875
1 0.30078125 0.225 0.0703125 0.0984375
2 0.2359375 0.184375 0.0515625 0.0765625
2 0.25625 0.19921875 0.025 0.0359375
2 0.31796875 0.221875 0.0453125 0.0625
2 0.06953125 0.21484375 0.0234375 0.0296875
1 0.0796875 0.2609375 0.0265625 0.034375
2 0.13125 0.22578125 0.0296875 0.040625