0 0.8078125 0.5984375 0.0546875 0.096875
0 0.9765625 0.49609375 0.046875 0.0953125
2 0.4765625 0.76171875 0.0421875 0.0890625
0 0.52109375 0.5484375 0.065625 0.1296875
1 0.2171875 0.3484375 0.059375 0.109375
0 0.61875 0.55234375 0.065625 0.1421875
2 0.45234375 0.61953125 0.05625 0.1015625
2 0.6796875 0.64375 0.0546875 0.0984375
1 0.8890625 0.54609375 0.0546875 0.1015625
2 0.8671875 0.703125 0.05 0.0765625
2 0.11796875 0.440625 0.0390625 0.078125
2 0.91484375 0.625 0.0296875 0.053125
2 0.99375 0.58828125 0.0125 0.0828125