2 0.8921875 0.58984375 0.0984375 0.128125
2 0.7984375 0.61953125 0.13125 0.190625
0 0.759375 0.58828125 0.1671875 0.26875
2 0.83671875 0.71640625 0.1015625 0.1171875
2 0.665625 0.51953125 0.0890625 0.1328125
2 0.62109375 0.58515625 0.140625 0.2125
1 0.47734375 0.6734375 0.15 0.2546875
2 0.434375 0.61953125 0.0609375 0.109375
2 0.4078125 0.37890625 0.134375 0.196875
1 0.30859375 0.2140625 0.1375 0.215625
2 0.365625 0.28359375 0.1375 0.209375
2 0.42421875 0.25859375 0.059375 0.1046875
0 0.446875 0.27421875 0.0453125 0.078125
2 0.57265625 0.4328125 0.0609375 0.078125