1 0.48046875 0.39296875 0.1265625 0.1671875
1 0.56015625 0.24140625 0.1140625 0.15
1 0.6875 0.31015625 0.078125 0.1234375
1 0.85546875 0.57421875 0.0703125 0.0953125
1 0.5671875 0.3859375 0.0765625 0.1015625
1 0.92578125 0.603125 0.053125 0.075
0 0.75625 0.55546875 0.09375 0.134375
2 0.54765625 0.5625 0.1046875 0.1390625
2 0.91640625 0.3484375 0.040625 0.0546875
2 0.93359375 0.45234375 0.0484375 0.0640625
2 0.98203125 0.47578125 0.034375 0.0484375
2 0.89453125 0.55625 0.0609375 0.0828125
2 0.8171875 0.596875 0.0609375 0.0796875
2 0.878125 0.459375 0.028125 0.040625
2 0.83671875 0.33984375 0.0390625 0.059375
2 0.85859375 0.30625 0.040625 0.0546875
2 0.82890625 0.25390625 0.0265625 0.0359375
2 0.9375 0.290625 0.0265625 0.03125
2 0.92265625 0.3140625 0.028125 0.034375
2 0.66796875 0.53671875 0.0640625 0.09375
2 0.62109375 0.52265625 0.05625 0.0921875
2 0.621875 0.39765625 0.071875 0.115625
2 0.553125 0.45546875 0.0953125 0.1109375
1 0.8375 0.51328125 0.0640625 0.0765625
2 0.809375 0.54375 0.034375 0.046875
2 0.60078125 0.05703125 0.078125 0.1109375
2 0.69296875 0.30390625 0.0484375 0.0765625