2 0.271875 0.65078125 0.1203125 0.1671875
2 0.34296875 0.7625 0.1203125 0.1640625
2 0.46484375 0.7 0.065625 0.1015625
2 0.3484375 0.8671875 0.046875 0.0765625
1 0.2859375 0.61328125 0.178125 0.2546875
2 0.4984375 0.39375 0.071875 0.13125
1 0.53828125 0.32734375 0.1171875 0.1890625
2 0.5765625 0.40078125 0.0765625 0.11875
2 0.77890625 0.09296875 0.0703125 0.115625
2 0.68984375 0.109375 0.06875 0.1234375
2 0.6875 0.14453125 0.096875 0.146875
2 0.7578125 0.3109375 0.0890625 0.134375
2 0.8171875 0.5546875 0.05625 0.0828125
2 0.83515625 0.4921875 0.053125 0.0859375
2 0.86796875 0.525 0.0515625 0.06875
2 0.834375 0.35625 0.0515625 0.08125
2 0.8734375 0.42265625 0.1015625 0.1265625
2 0.9234375 0.41171875 0.0609375 0.0890625
2 0.97734375 0.50546875 0.0453125 0.0765625
2 0.92265625 0.3453125 0.065625 0.08125
1 0.8984375 0.45859375 0.0421875 0.0453125
1 0.95234375 0.36640625 0.0484375 0.090625
2 0.9421875 0.4484375 0.0546875 0.0765625
2 0.9828125 0.45078125 0.034375 0.0546875
1 0.96875 0.3953125 0.05 0.0578125
2 0.97578125 0.359375 0.03125 0.06875