0 0.24609375 0.35625 0.0734375 0.12109375
0 0.009375 0.35625 0.01796875 0.10390625
2 0.19453125 0.38515625 0.05 0.0734375
1 0.31015625 0.38125 0.0484375 0.07734375
1 0.47734375 0.2703125 0.08671875 0.14453125
0 0.7640625 0.215625 0.065625 0.13125
0 0.92421875 0.14765625 0.07421875 0.1390625
1 0.98046875 0.165625 0.0390625 0.11328125
1 0.88046875 0.2109375 0.0625 0.09453125
2 0.8765625 0.275 0.04921875 0.05390625
2 0.51640625 0.39609375 0.04375 0.0609375
2 0.4421875 0.35234375 0.05 0.0765625
1 0.55703125 0.3125 0.05390625 0.10859375