2 0.25078125 0.4125 0.06015625 0.09921875
2 0.25546875 0.19765625 0.05234375 0.11328125
2 0.30234375 0.15234375 0.103125 0.19375
2 0.3921875 0.46953125 0.0859375 0.15390625
2 0.059375 0.6171875 0.07421875 0.09296875
2 0.0140625 0.6171875 0.02734375 0.15078125
2 0.46875 0.5328125 0.06171875 0.1109375
2 0.5328125 0.44375 0.121875 0.20703125
2 0.58984375 0.71484375 0.0875 0.1484375
2 0.6734375 0.55625 0.10078125 0.1578125
2 0.640625 0.41484375 0.0671875 0.11953125
0 0.378125 0.734375 0.10625 0.165625
0 0.29609375 0.73984375 0.1015625 0.18515625
0 0.44140625 0.39765625 0.09296875 0.12578125
1 0.04921875 0.5234375 0.09765625 0.10546875
1 0.9109375 0.55234375 0.125 0.17734375