2 0.0484375 0.246875 0.0609375 0.1390625
2 0.05078125 0.55390625 0.1015625 0.2265625
2 0.16015625 0.5796875 0.0984375 0.16875
1 0.2703125 0.4484375 0.1390625 0.2453125
0 0.440625 0.340625 0.121875 0.2
0 0.5515625 0.33828125 0.1234375 0.2234375
2 0.628125 0.3921875 0.0609375 0.0984375
2 0.6859375 0.53203125 0.090625 0.1390625
2 0.61875 0.66640625 0.0578125 0.1234375
0 0.78359375 0.44296875 0.1421875 0.228125
2 0.81015625 0.50234375 0.0875 0.134375
2 0.96328125 0.6203125 0.0671875 0.1484375
0 0.0234375 0.33984375 0.0296875 0.1046875