0 0.1875 0.3453125 0.16875 0.2328125
2 0.24140625 0.40703125 0.1078125 0.1484375
2 0.3453125 0.27734375 0.115625 0.1703125
1 0.35078125 0.29921875 0.1359375 0.1734375
2 0.28203125 0.4859375 0.0953125 0.121875
2 0.409375 0.45546875 0.0765625 0.109375
2 0.35234375 0.52578125 0.121875 0.1828125
2 0.4796875 0.51953125 0.121875 0.1796875
2 0.5515625 0.5609375 0.1234375 0.1875
2 0.60234375 0.60078125 0.121875 0.2015625
1 0.70703125 0.39453125 0.171875 0.2640625
2 0.7703125 0.49296875 0.0703125 0.0953125