0 0.41640625 0.34140625 0.0953125 0.18125
0 0.2453125 0.2953125 0.0859375 0.1609375
0 0.1 0.465625 0.065625 0.125
1 0.76171875 0.48515625 0.0671875 0.1359375
1 0.35390625 0.52265625 0.06875 0.1265625
1 0.43359375 0.48359375 0.075 0.128125
2 0.2 0.62109375 0.0421875 0.071875
2 0.378125 0.459375 0.05625 0.096875
2 0.3390625 0.73828125 0.0328125 0.059375
0 0.1234375 0.409375 0.0390625 0.1140625
2 0.82578125 0.5828125 0.059375 0.103125
2 0.8765625 0.3640625 0.053125 0.0828125
2 0.25625 0.54296875 0.0390625 0.065625
1 0.95859375 0.40078125 0.053125 0.1109375