2 0.54921875 0.80078125 0.10625 0.178125
2 0.6171875 0.52734375 0.115625 0.165625
2 0.4375 0.78984375 0.1015625 0.1484375
2 0.41171875 0.67578125 0.084375 0.10625
2 0.44296875 0.6484375 0.11875 0.159375
2 0.3625 0.58125 0.1046875 0.1609375
1 0.38828125 0.52734375 0.1 0.11875
2 0.41875 0.4296875 0.078125 0.1203125
2 0.38984375 0.384375 0.0890625 0.159375
2 0.3625 0.31953125 0.040625 0.0640625
2 0.27109375 0.3375 0.0546875 0.08125
2 0.3265625 0.39765625 0.078125 0.1203125
2 0.09140625 0.46953125 0.103125 0.1421875
2 0.03828125 0.4375 0.0765625 0.15
0 0.075 0.534375 0.1484375 0.1984375
1 0.55078125 0.29453125 0.125 0.171875