1 0.40390625 0.36015625 0.165625 0.2625
1 0.69765625 0.471875 0.1125 0.15625
2 0.284375 0.08125 0.0734375 0.1046875
2 0.0734375 0.3265625 0.0484375 0.065625
2 0.5015625 0.59140625 0.0984375 0.146875
2 0.54609375 0.4703125 0.1328125 0.2
2 0.55703125 0.5890625 0.0609375 0.09375
2 0.64765625 0.58359375 0.0421875 0.0640625
2 0.6734375 0.36875 0.090625 0.096875
2 0.7671875 0.4140625 0.0734375 0.1109375
2 0.82421875 0.35859375 0.0484375 0.059375
2 0.85859375 0.259375 0.0625 0.0953125
2 0.4671875 0.55390625 0.046875 0.0609375
2 0.7671875 0.3578125 0.0640625 0.059375