1 0.19609375 0.440625 0.125 0.18125
0 0.28671875 0.27890625 0.1578125 0.2453125
2 0.3578125 0.703125 0.1375 0.23125
1 0.48359375 0.490625 0.196875 0.3265625
2 0.65234375 0.771875 0.103125 0.1765625
2 0.63359375 0.59609375 0.146875 0.228125
2 0.58828125 0.4484375 0.1109375 0.1390625
0 0.6078125 0.35234375 0.1484375 0.2
1 0.740625 0.3734375 0.1359375 0.196875
0 0.76484375 0.3203125 0.165625 0.2375
1 0.8734375 0.22734375 0.1359375 0.1953125
2 0.83984375 0.3109375 0.0921875 0.1515625
1 0.94765625 0.2078125 0.0515625 0.1765625