1 0.459375 0.5109375 0.11875 0.1671875
2 0.55859375 0.275 0.096875 0.1453125
2 0.6921875 0.24921875 0.0625 0.078125
2 0.62421875 0.375 0.0578125 0.0875
0 0.609375 0.5703125 0.1671875 0.2671875
1 0.6109375 0.36796875 0.1265625 0.1890625
2 0.371875 0.6296875 0.071875 0.134375
2 0.49921875 0.37734375 0.0625 0.0890625
2 0.5421875 0.51640625 0.078125 0.125
0 0.36875 0.8046875 0.16875 0.215625
2 0.40546875 0.63125 0.0984375 0.15
2 0.428125 0.58359375 0.0421875 0.059375
2 0.29609375 0.96328125 0.0671875 0.0734375
2 0.3109375 0.99140625 0.090625 0.0171875