2 0.0453125 0.4734375 0.090625 0.184375
2 0.05703125 0.0875 0.1140625 0.11875
2 0.2421875 0.56171875 0.1203125 0.134375
1 0.2765625 0.54765625 0.1984375 0.2
2 0.359375 0.43125 0.171875 0.1828125
2 0.53671875 0.29765625 0.1078125 0.1046875
2 0.51015625 0.36796875 0.1484375 0.1546875
2 0.6984375 0.1578125 0.0546875 0.05625
2 0.76484375 0.7515625 0.1015625 0.121875
2 0.68828125 0.66875 0.128125 0.1375
2 0.66796875 0.6234375 0.1484375 0.153125
2 0.771875 0.53203125 0.1140625 0.1078125
2 0.715625 0.440625 0.1125 0.128125
1 0.8453125 0.484375 0.1390625 0.1421875
1 0.975 0.4265625 0.0484375 0.09375
2 0.825 0.34296875 0.1328125 0.1640625
2 0.89921875 0.29375 0.0890625 0.109375
2 0.94921875 0.21171875 0.084375 0.0875