0 0.04140625 0.5796875 0.0828125 0.20625
0 0.05078125 0.8734375 0.1015625 0.184375
0 0.1671875 0.57265625 0.1078125 0.15625
0 0.4390625 0.5765625 0.1578125 0.2671875
1 0.3015625 0.39296875 0.1453125 0.24375
1 0.44375 0.28984375 0.1640625 0.271875
2 0.69296875 0.56484375 0.146875 0.2296875
2 0.7046875 0.21640625 0.0765625 0.1453125
2 0.55859375 0.0578125 0.0765625 0.1140625
2 0.38828125 0.52421875 0.1375 0.240625
2 0.13984375 0.83984375 0.1328125 0.225
2 0.10234375 0.48984375 0.0875 0.1125
2 0.47109375 0.678125 0.1140625 0.1703125