1 0.88515625 0.2765625 0.1109375 0.1453125
2 0.7421875 0.37890625 0.0703125 0.10625
2 0.7171875 0.26171875 0.0453125 0.0625
0 0.82421875 0.43359375 0.1046875 0.1671875
0 0.44453125 0.50234375 0.08125 0.1234375
1 0.4625 0.42578125 0.0765625 0.1140625
1 0.37890625 0.60703125 0.059375 0.0890625
0 0.4125 0.60390625 0.0484375 0.0953125
2 0.37734375 0.4890625 0.0359375 0.05
1 0.2609375 0.51484375 0.06875 0.1046875
1 0.209375 0.54375 0.0671875 0.096875
0 0.21640625 0.6140625 0.0671875 0.075
0 0.11796875 0.65234375 0.08125 0.1265625
2 0.08359375 0.64375 0.0390625 0.06875
2 0.05390625 0.67109375 0.0328125 0.0484375