0 0.61875 0.5453125 0.1984375 0.25
0 0.2859375 0.615625 0.134375 0.1578125
0 0.39375 0.53515625 0.1484375 0.215625
0 0.11015625 0.565625 0.0796875 0.109375
1 0.47890625 0.4703125 0.1453125 0.1984375
1 0.303125 0.46953125 0.0875 0.1375
1 0.14609375 0.575 0.084375 0.1046875
1 0.0671875 0.59921875 0.0515625 0.078125
1 0.02421875 0.515625 0.0484375 0.071875
2 0.06484375 0.7171875 0.05 0.075
2 0.1703125 0.45078125 0.059375 0.059375
2 0.16875 0.49921875 0.0546875 0.0578125
2 0.3625 0.50234375 0.0796875 0.10625
1 0.15 0.6359375 0.09375 0.0578125
2 0.0328125 0.56015625 0.0453125 0.034375