1 0.50234375 0.4890625 0.1375 0.209375
0 0.65234375 0.66484375 0.0578125 0.0859375
1 0.540625 0.76484375 0.0625 0.0875
0 0.73203125 0.63203125 0.0484375 0.0734375
0 0.48125 0.70078125 0.1 0.1546875
0 0.0203125 0.8515625 0.040625 0.178125
0 0.22421875 0.15859375 0.1703125 0.2390625
0 0.7984375 0.4671875 0.0328125 0.053125
0 0.77421875 0.33046875 0.05 0.0828125
0 0.69765625 0.38125 0.05625 0.103125
0 0.53125 0.63984375 0.06875 0.1078125
2 0.78671875 0.41875 0.046875 0.071875
0 0.7390625 0.5125 0.0625 0.0984375
0 0.721875 0.57578125 0.0515625 0.0796875