2 0.9609375 0.59765625 0.078125 0.1546875
2 0.7140625 0.5390625 0.06875 0.125
0 0.6328125 0.54140625 0.1171875 0.2046875
2 0.575 0.64453125 0.06875 0.121875
2 0.559375 0.6125 0.0921875 0.1890625
2 0.50546875 0.73671875 0.090625 0.171875
2 0.49140625 0.775 0.0921875 0.1375
2 0.43203125 0.58671875 0.0890625 0.1890625
2 0.34375 0.5015625 0.090625 0.1546875
2 0.32109375 0.5859375 0.08125 0.1234375
2 0.3015625 0.68125 0.0921875 0.1625
2 0.21015625 0.5109375 0.0671875 0.1109375
1 0.05625 0.72109375 0.09375 0.1921875
2 0.028125 0.6625 0.04375 0.146875
2 0.9765625 0.52734375 0.046875 0.1046875