2 0.75234375 0.5234375 0.0640625 0.125
2 0.68828125 0.50078125 0.040625 0.075
2 0.63828125 0.37890625 0.0703125 0.125
2 0.1234375 0.48125 0.028125 0.0625
2 0.70546875 0.67421875 0.0625 0.11875
2 0.1890625 0.55 0.0671875 0.109375
2 0.0296875 0.6125 0.0359375 0.065625
2 0.2578125 0.8578125 0.0375 0.059375
2 0.18671875 0.79140625 0.0453125 0.0796875
2 0.3390625 0.7890625 0.046875 0.09375
0 0.5953125 0.4640625 0.08125 0.159375
2 0.40703125 0.7484375 0.0390625 0.071875
2 0.63671875 0.52734375 0.04375 0.0734375
0 0.14375 0.78515625 0.0609375 0.1078125
2 0.10234375 0.74375 0.0390625 0.05625