0 0.1875 0.07734375 0.2 0.1546875
1 0.1203125 0.1453125 0.11875 0.1671875
2 0.0828125 0.23046875 0.075 0.1
1 0.18359375 0.35390625 0.134375 0.1859375
2 0.26953125 0.39296875 0.1125 0.15625
1 0.24453125 0.42578125 0.1296875 0.1640625
2 0.3015625 0.3203125 0.1 0.1109375
2 0.328125 0.428125 0.0859375 0.1078125
2 0.365625 0.30078125 0.10625 0.15625
2 0.4453125 0.1609375 0.1328125 0.2015625
2 0.53046875 0.215625 0.140625 0.2078125
0 0.47265625 0.48046875 0.1015625 0.1265625
0 0.6296875 0.23125 0.171875 0.2640625
0 0.6671875 0.1546875 0.1921875 0.2734375
2 0.98203125 0.24296875 0.0359375 0.2421875
2 0.9703125 0.3125 0.059375 0.15625
2 0.08203125 0.1546875 0.03125 0.071875