2 0.16796875 0.64921875 0.284375 0.4015625
1 0.63515625 0.26484375 0.071875 0.1109375
1 0.675 0.35234375 0.0515625 0.090625
2 0.82578125 0.4 0.0375 0.0578125
0 0.76015625 0.61875 0.0484375 0.0625
0 0.81953125 0.58046875 0.034375 0.053125
0 0.56640625 0.43671875 0.321875 0.46875
0 0.8609375 0.39296875 0.0453125 0.0671875
2 0.78984375 0.50078125 0.0390625 0.0546875
1 0.76875 0.44296875 0.046875 0.0640625
2 0.78359375 0.64921875 0.059375 0.08125
0 0.86171875 0.44609375 0.0296875 0.040625
1 0.859375 0.62890625 0.028125 0.040625