2 0.1046875 0.50703125 0.0796875 0.1109375
2 0.1453125 0.490625 0.0796875 0.14375
2 0.2578125 0.421875 0.0421875 0.0640625
2 0.25546875 0.62578125 0.090625 0.15
2 0.29375 0.4953125 0.0609375 0.09375
1 0.30078125 0.384375 0.084375 0.125
2 0.3828125 0.36640625 0.1046875 0.1484375
1 0.41484375 0.44140625 0.128125 0.2046875
1 0.4671875 0.4796875 0.121875 0.184375
2 0.50078125 0.34375 0.1 0.1359375
2 0.528125 0.43671875 0.0859375 0.11875
2 0.50703125 0.51640625 0.0703125 0.103125
2 0.57734375 0.78203125 0.10625 0.15625
2 0.74453125 0.9171875 0.1515625 0.165625