0 0.728125 0.6546875 0.075 0.1171875
2 0.6640625 0.6328125 0.0421875 0.0625
1 0.621875 0.63984375 0.0484375 0.0859375
2 0.5796875 0.62890625 0.04375 0.065625
1 0.53671875 0.653125 0.0546875 0.084375
1 0.6015625 0.5515625 0.0734375 0.0984375
0 0.54453125 0.565625 0.0578125 0.0859375
2 0.503125 0.57109375 0.0421875 0.0671875
0 0.490625 0.5609375 0.059375 0.0875
2 0.44140625 0.5890625 0.040625 0.0609375
1 0.4 0.58203125 0.0453125 0.06875
1 0.3859375 0.57890625 0.06875 0.115625
1 0.33671875 0.5796875 0.046875 0.0765625
2 0.36171875 0.68671875 0.0390625 0.0640625
2 0.35078125 0.67421875 0.046875 0.0765625
0 0.25546875 0.58046875 0.06875 0.090625
1 0.1734375 0.515625 0.053125 0.0625
0 0.125 0.55703125 0.065625 0.1015625
1 0.040625 0.61640625 0.0609375 0.075
1 0.103125 0.57578125 0.05625 0.078125