0 0.46015625 0.325 0.0921875 0.18125
0 0.30703125 0.2359375 0.0828125 0.159375
0 0.12265625 0.36328125 0.0640625 0.125
1 0.75625 0.553125 0.0640625 0.1359375
1 0.353125 0.484375 0.0671875 0.1265625
1 0.440625 0.46640625 0.0734375 0.128125
2 0.17890625 0.5390625 0.040625 0.071875
2 0.39296875 0.4296875 0.0546875 0.096875
2 0.28359375 0.68828125 0.0328125 0.059375
0 0.16015625 0.31484375 0.0375 0.1140625
2 0.79296875 0.6640625 0.0578125 0.103125
2 0.8984375 0.46640625 0.0515625 0.0828125
2 0.253125 0.478125 0.0390625 0.065625
1 0.96875 0.52265625 0.0515625 0.1109375