2 0.9546875 0.3921875 0.090625 0.2125
0 0.76015625 0.6875 0.2046875 0.275
0 0.4140625 0.57578125 0.196875 0.2796875
0 0.6359375 0.59375 0.1578125 0.2359375
0 0.44375 0.9 0.19375 0.2
2 0.8828125 0.5 0.1109375 0.1328125
0 0.1421875 0.5234375 0.0453125 0.0625
0 0.51953125 0.42734375 0.040625 0.0671875
1 0.94140625 0.6796875 0.034375 0.040625
1 0.20546875 0.52890625 0.0328125 0.046875
1 0.5375 0.44140625 0.0390625 0.0609375
1 0.715625 0.5921875 0.0296875 0.04375
1 0.8046875 0.53203125 0.03125 0.0421875