0 0.728125 0.4921875 0.109375 0.16875
0 0.63671875 0.640625 0.0984375 0.146875
2 0.24453125 0.2453125 0.125 0.2125
2 0.165625 0.34609375 0.0875 0.1078125
0 0.25390625 0.41484375 0.1359375 0.1953125
2 0.88515625 0.625 0.0890625 0.115625
0 0.41171875 0.678125 0.10625 0.140625
0 0.06953125 0.796875 0.0671875 0.0890625
0 0.31640625 0.52890625 0.053125 0.059375
0 0.26953125 0.61015625 0.06875 0.075
1 0.58671875 0.48203125 0.0671875 0.0921875
0 0.66171875 0.2578125 0.0625 0.0890625
2 0.48203125 0.66875 0.0609375 0.08125
2 0.440625 0.5 0.0625 0.08125