1 0.65234375 0.6515625 0.115625 0.1765625
1 0.4859375 0.578125 0.1203125 0.19375
2 0.50546875 0.2703125 0.10625 0.1828125
2 0.384375 0.2796875 0.0953125 0.1609375
2 0.2421875 0.1109375 0.1 0.134375
2 0.1765625 0.19453125 0.0859375 0.11875
1 0.2578125 0.33125 0.1203125 0.153125
0 0.203125 0.50546875 0.1546875 0.25625
0 0.1046875 0.625 0.1375 0.196875
0 0.07578125 0.49140625 0.128125 0.15
0 0.034375 0.6 0.0671875 0.14375
2 0.31015625 0.53125 0.0453125 0.0984375
2 0.26875 0.51953125 0.078125 0.1453125
2 0.2078125 0.67734375 0.096875 0.1375
2 0.17265625 0.5828125 0.0703125 0.1