1 0.31953125 0.609375 0.1203125 0.15
2 0.9421875 0.321875 0.0890625 0.1734375
2 0.71484375 0.22109375 0.1359375 0.1859375
2 0.4828125 0.34296875 0.11875 0.1671875
2 0.4359375 0.3765625 0.0984375 0.146875
2 0.29609375 0.26953125 0.103125 0.1234375
2 0.3625 0.446875 0.1296875 0.134375
1 0.45390625 0.53515625 0.1296875 0.1703125
2 0.1671875 0.8921875 0.0859375 0.0984375
2 0.00859375 0.375 0.0171875 0.1125
2 0.0421875 0.61796875 0.08125 0.125
2 0.09765625 0.821875 0.078125 0.1015625
1 0.115625 0.903125 0.0796875 0.1015625