1 0.03671875 0.346875 0.0734375 0.1375
1 0.05703125 0.4890625 0.0921875 0.13984375
2 0.0171875 0.0546875 0.03359375 0.10859375
2 0.16796875 0.13359375 0.02578125 0.040625
2 0.25625 0.0421875 0.03671875 0.06328125
2 0.23515625 0.14921875 0.05078125 0.08203125
2 0.28046875 0.11640625 0.03125 0.05390625
2 0.33515625 0.07421875 0.06171875 0.11484375
2 0.11640625 0.55 0.06796875 0.11015625
2 0.31171875 0.4265625 0.06875 0.10625
2 0.4015625 0.2234375 0.065625 0.0984375
2 0.59375 0.6421875 0.0921875 0.1421875
2 0.5078125 0.71171875 0.0859375 0.12109375
1 0.5015625 0.44296875 0.08828125 0.13828125
1 0.3203125 0.54609375 0.08359375 0.12890625
1 0.328125 0.35859375 0.090625 0.1328125
1 0.45859375 0.3125 0.1046875 0.15390625
1 0.54296875 0.590625 0.10390625 0.18359375