1 0.7924371693121693 0.26119047619047614 0.03401124338624338 0.026587301587301587
0 0.33569444444444446 0.2647668650793651 0.05268518518518518 0.022135416666666668
0 0.7767063492063493 0.28328373015873015 0.023402777777777776 0.016101190476190477
0 0.6061937830687831 0.2959499007936508 0.014365079365079364 0.011478174603174603
0 0.3599074074074074 0.30468501984126983 0.0158531746031746 0.010027281746031746
0 0.6280059523809524 0.30939980158730157 0.008191137566137567 0.011307043650793651
0 0.3312830687830688 0.3123462301587302 0.016117724867724868 0.009838789682539683
0 0.6529001322751322 0.3152232142857143 0.010089285714285716 0.020558035714285713
0 0.7092063492063492 0.3188219246031746 0.025773809523809522 0.024670138888888887
0 0.41438161375661375 0.3391170634920635 0.03550595238095238 0.020243055555555556
0 0.3501984126984127 0.3642782738095238 0.02972883597883598 0.01797371031746032
0 0.37403108465608464 0.38300843253968253 0.02190145502645503 0.02516121031746032
0 0.46885912698412696 0.38584573412698414 0.01480489417989418 0.012296626984126985
0 0.4191765873015873 0.3935069444444444 0.0178505291005291 0.012485119047619049
0 0.4473015873015873 0.4160218253968254 0.019738756613756615 0.020811011904761905
1 0.5239847883597883 0.44449404761904765 0.036769179894179896 0.03197172619047619
2 0.37567460317460316 0.5097643849206349 0.0347718253968254 0.03197172619047619
2 0.34741402116402115 0.5510069444444444 0.03728174603174603 0.032728174603174606
2 0.3116005291005291 0.5762624007936508 0.045869708994709 0.025729166666666664
2 0.6669345238095238 0.6108581349206349 0.047857142857142855 0.04510912698412698
0 0.6316865079365079 0.6140550595238095 0.020224867724867725 0.0228125
0 0.32092261904761904 0.6145610119047619 0.024305555555555556 0.013417658730158731
1 0.5533366402116402 0.6224379960317461 0.033125 0.030935019841269843
2 0.6046130952380953 0.6231299603174604 0.029679232804232805 0.019875992063492064
0 0.6178670634920636 0.6366964285714285 0.023085317460317462 0.017281746031746033
0 0.5120998677248677 0.6677182539682539 0.020773809523809524 0.018492063492063494
0 0.6268452380952381 0.6685838293650793 0.027136243386243385 0.015381944444444445
0 0.7385119047619049 0.6722073412698413 0.021550925925925925 0.015143849206349208
2 0.5736243386243387 0.6761011904761904 0.02761904761904762 0.026614583333333334
0 0.5079497354497354 0.6841369047619048 0.021160714285714286 0.015381944444444445
2 0.5937896825396825 0.6879389880952381 0.01685515873015873 0.015037202380952382
1 0.7664748677248677 0.6921378968253967 0.047761243386243386 0.024719742063492065
0 0.5061078042328042 0.70046875 0.014318783068783068 0.011061507936507937
0 0.47627314814814814 0.7258754960317461 0.01960648148148148 0.011061507936507937
1 0.7320800264550265 0.7920386904761905 0.038177910052910054 0.022271825396825397
0 0.48248677248677246 0.8000173611111111 0.020009920634920634 0.01140625
0 0.7348181216931218 0.8127058531746032 0.01906415343915344 0.015500992063492064
2 0.4113955026455026 0.8293998015873015 0.03729166666666667 0.02765128968253968
0 0.4949173280423281 0.8449528769841269 0.021491402116402113 0.01970238095238095
1 0.45275793650793655 0.8456448412698412 0.027926587301587303 0.03456597222222222
0 0.24077050264550265 0.9057291666666667 0.041074735449735444 0.021336805555555557
0 0.23844576719576718 0.9580282738095238 0.04646825396825397 0.018549107142857145
0 0.5414484126984127 0.9628993055555555 0.020849867724867722 0.02155753968253968
0 0.2812996031746032 0.9636755952380952 0.028416005291005294 0.02008184523809524
1 0.6376554232804232 0.9671750992063493 0.04079695767195767 0.030109126984126985
0 0.5532109788359789 0.9758159722222222 0.03307208994708995 0.0288640873015873
2 0.28539682539682537 0.9805505952380952 0.03851190476190476 0.022591765873015875
0 0.4940410052910053 0.10967261904761905 0.02558201058201058 0.022648809523809522
2 0.524646164021164 0.14783482142857143 0.039632936507936506 0.030714285714285715
0 0.5758664021164022 0.1502405753968254 0.01310846560846561 0.016473214285714285
0 0.5555357142857144 0.15650297619047618 0.019930555555555556 0.024642857142857143
2 0.5773842592592593 0.1718799603174603 0.03359457671957672 0.028544146825396827
1 0.787688492063492 0.23142113095238095 0.02689484126984127 0.022093253968253967
