2 0.3924041005291006 0.2543501984126984 0.04071097883597884 0.024851190476190478
2 0.4612466931216931 0.25648809523809524 0.029520502645502645 0.042710813492063494
2 0.4808399470899471 0.27485863095238094 0.0319808201058201 0.04913938492063492
0 0.526441798941799 0.28680059523809526 0.054325396825396825 0.0693452380952381
2 0.4633201058201058 0.33934771825396826 0.0169510582010582 0.017194940476190475
0 0.24655092592592595 0.3960416666666666 0.06123677248677249 0.0308953373015873
0 0.21325396825396825 0.43712549603174605 0.05248346560846561 0.03943948412698413
1 0.7263161375661376 0.45815972222222223 0.0549239417989418 0.038125
2 0.7548048941798943 0.48716269841269844 0.029384920634920635 0.014268353174603175
0 0.2207010582010582 0.493655753968254 0.06211970899470899 0.03155257936507937
2 0.27552579365079366 0.5188095238095238 0.03456018518518519 0.02634176587301587
2 0.7705787037037037 0.5235639880952382 0.05813492063492064 0.028266369047619047
1 0.21325066137566137 0.530796130952381 0.08052579365079365 0.04141121031746032
2 0.6770998677248677 0.5469940476190476 0.030965608465608467 0.01673611111111111
2 0.28407407407407403 0.5757043650793651 0.05068121693121693 0.031830357142857146
0 0.7048412698412698 0.5938988095238095 0.09085978835978836 0.04667162698412699
2 0.2923677248677249 0.6022296626984127 0.02726521164021164 0.02341517857142857
2 0.32309854497354495 0.6080828373015873 0.024328703703703703 0.02634176587301587
2 0.6135780423280424 0.6150347222222222 0.02476851851851852 0.024146825396825396
2 0.35564814814814816 0.6359672619047618 0.06031746031746032 0.029580853174603173
2 0.5767592592592592 0.6763194444444445 0.032281746031746036 0.023050595238095238
2 0.5339715608465608 0.683953373015873 0.05061177248677249 0.04930059523809524
2 0.07211309523809524 0.719310515873016 0.018002645502645503 0.02048859126984127
0 0.07260912698412698 0.769077380952381 0.05166005291005291 0.03943948412698413
2 0.09430886243386244 0.8336458333333334 0.03409722222222222 0.023782242063492064
0 0.7761111111111111 0.9028645833333333 0.06268518518518519 0.040394345238095236
0 0.8044675925925926 0.9361731150793651 0.06297619047619048 0.04393849206349206
2 0.7326851851851851 0.1409325396825397 0.03107142857142857 0.015853174603174605
2 0.6994345238095239 0.15736359126984129 0.029246031746031746 0.01855902777777778
0 0.5790806878306879 0.1705109126984127 0.03083664021164021 0.03325148809523809
1 0.7357804232804233 0.17804811507936508 0.08261574074074074 0.053742559523809526
2 0.27985119047619045 0.19917162698412696 0.03843915343915344 0.030238095238095238
2 0.6713392857142858 0.20898065476190478 0.05039021164021164 0.036731150793650795
1 0.4327744708994709 0.23949652777777777 0.03966931216931217 0.05005704365079365
0 0.3357308201058201 0.24110367063492064 0.10153769841269841 0.07990823412698413