2 0.49919642857142854 0.2767485119047619 0.02831679894179894 0.023033234126984128
0 0.530598544973545 0.31339285714285714 0.04086640211640211 0.032108134920634926
2 0.578287037037037 0.31443948412698414 0.015261243386243385 0.01884424603174603
2 0.5582804232804233 0.3200223214285714 0.019920634920634922 0.025825892857142856
0 0.5808498677248677 0.33607638888888886 0.03544973544973545 0.027919146825396823
2 0.7856977513227512 0.38080357142857146 0.03148478835978836 0.022175099206349205
1 0.788501984126984 0.4085243055555556 0.042189153439153436 0.025617559523809525
2 0.772936507936508 0.42783234126984127 0.027371031746031744 0.018353174603174604
2 0.33971891534391535 0.43093501984126986 0.03657407407407407 0.0211359126984127
2 0.36091931216931217 0.43686259920634923 0.028402777777777777 0.014816468253968254
2 0.608885582010582 0.45451884920634916 0.01316137566137566 0.008387896825396826
2 0.7092261904761904 0.47218253968253965 0.02637566137566138 0.025999503968253967
2 0.6532837301587302 0.4734771825396825 0.009788359788359789 0.011743551587301587
2 0.3443287037037037 0.48071676587301587 0.017876984126984127 0.007703373015873016
2 0.4250429894179894 0.501359126984127 0.03549272486772487 0.020543154761904762
2 0.36158068783068786 0.5261507936507936 0.029196428571428575 0.017581845238095237
0 0.7412996031746032 0.538077876984127 0.0629861111111111 0.03541666666666667
2 0.3826488095238096 0.5439285714285714 0.018654100529100527 0.01718501984126984
2 0.47798280423280426 0.5455109126984127 0.01600198412698413 0.012445436507936508
2 0.3922685185185185 0.5525223214285714 0.014189814814814813 0.012643849206349205
2 0.42912698412698413 0.553608630952381 0.019953703703703706 0.01363095238095238
2 0.7502380952380951 0.5628695436507936 0.03971230158730159 0.02175595238095238
2 0.7210681216931217 0.5635019841269842 0.020499338624338625 0.014925595238095238
2 0.45559854497354496 0.5744494047619048 0.019169973544973545 0.017777777777777778
2 0.7667625661375661 0.5833606150793651 0.028240740740740743 0.015178571428571428
0 0.7131415343915344 0.596515376984127 0.036352513227513227 0.024791666666666667
2 0.5355522486772487 0.5996775793650794 0.028591269841269838 0.03061011904761905
0 0.3862103174603175 0.6703546626984127 0.03526124338624338 0.032988591269841265
2 0.5782837301587301 0.0675297619047619 0.021769179894179893 0.025476190476190475
0 0.35894510582010586 0.7107539682539683 0.03709656084656085 0.033581349206349205
0 0.32470899470899467 0.7335689484126984 0.04500661375661375 0.02587797619047619
0 0.6735482804232804 0.7565823412698413 0.04839285714285715 0.047410714285714285
2 0.638640873015873 0.7619171626984127 0.02019510582010582 0.025285218253968254
0 0.6104728835978835 0.7718923611111111 0.028654100529100533 0.019161706349206352
2 0.33352843915343916 0.7738516865079366 0.025261243386243387 0.01568452380952381
2 0.561875 0.7769295634920634 0.03418320105820106 0.030027281746031743
2 0.624292328042328 0.782906746031746 0.024133597883597886 0.022318948412698412
2 0.6780357142857143 0.7997445436507937 0.011015211640211641 0.011654265873015874
2 0.6351388888888889 0.815843253968254 0.028882275132275134 0.018444940476190476
2 0.5221130952380952 0.8200917658730159 0.022080026455026453 0.019556051587301587
0 0.5813624338624338 0.8249330357142858 0.02785383597883598 0.028444940476190474
2 0.769024470899471 0.8270064484126983 0.0470734126984127 0.02587797619047619
0 0.6004265873015873 0.8342906746031746 0.01980489417989418 0.017204861111111112
2 0.5165806878306879 0.8373759920634921 0.022083333333333333 0.016592261904761905
2 0.5152645502645503 0.8533779761904763 0.014183201058201058 0.009875992063492064
2 0.4860350529100529 0.8771825396825397 0.019986772486772487 0.009283234126984128
2 0.48011904761904767 0.09178323412698412 0.017152777777777777 0.01884424603174603
2 0.6110813492063493 0.09178323412698412 0.03152777777777778 0.027919146825396823
1 0.7375231481481481 0.9233903769841271 0.03371031746031746 0.023033234126984128
2 0.7377248677248678 0.9412375992063492 0.02191798941798942 0.015406746031746032
2 0.49366402116402114 0.949875992063492 0.023131613756613757 0.011654265873015874
0 0.4261111111111111 0.9818774801587301 0.03868386243386244 0.027852182539682538
1 0.46337632275132273 0.9882217261904762 0.025241402116402117 0.02355406746031746
2 0.5070899470899471 0.992470238095238 0.023644179894179895 0.015059523809523809
2 0.43103505291005295 0.13366319444444444 0.03159391534391535 0.017450396825396824
2 0.414755291005291 0.1350595238095238 0.019503968253968253 0.01326140873015873
2 0.41312499999999996 0.14936755952380953 0.032996031746031745 0.028616071428571428