2 0.46467592592592594 0.2961359126984127 0.04262235449735449 0.05243303571428572
0 0.7374503968253969 0.3301537698412699 0.06612433862433863 0.05351190476190476
0 0.44728174603174603 0.3485689484126984 0.09118055555555556 0.0503670634920635
2 0.24357804232804234 0.35394593253968254 0.03463293650793651 0.031711309523809524
2 0.7473710317460318 0.37265624999999997 0.04717261904761905 0.03149305555555556
2 0.429917328042328 0.38354166666666667 0.036944444444444446 0.024193948412698413
2 0.3826322751322751 0.4188715277777778 0.021554232804232805 0.030518353174603174
2 0.7664748677248677 0.42373511904761907 0.04702380952380952 0.029699900793650792
2 0.8381679894179894 0.45855406746031746 0.04020171957671957 0.024578373015873015
2 0.2994279100529101 0.46932291666666665 0.052367724867724876 0.0417906746031746
2 0.26296296296296295 0.4771577380952381 0.027827380952380954 0.02117063492063492
0 0.869566798941799 0.5000322420634921 0.10094907407407407 0.05427827380952381
2 0.8369742063492064 0.5095064484126984 0.030459656084656086 0.015362103174603174
2 0.8001157407407408 0.5162896825396825 0.032371031746031745 0.026882440476190476
0 0.8700958994708995 0.5493179563492063 0.08028769841269841 0.04224454365079365
2 0.32747023809523806 0.5548288690476191 0.022671957671957673 0.026393849206349206
2 0.21357804232804234 0.5670858134920634 0.0185978835978836 0.013343253968253968
2 0.18209656084656084 0.5819122023809524 0.017199074074074075 0.011649305555555555
2 0.7844146825396826 0.5863144841269842 0.04534722222222222 0.024578373015873015
2 0.37254960317460317 0.5878224206349206 0.034381613756613756 0.016495535714285716
2 0.2180919312169312 0.5933506944444444 0.04344246031746032 0.020967261904761905
0 0.840214947089947 0.5943799603174603 0.07638558201058201 0.04890128968253968
2 0.792443783068783 0.6202405753968254 0.041005291005291 0.022787698412698412
2 0.1798346560846561 0.6430158730158729 0.05785714285714286 0.03261656746031746
2 0.5910251322751323 0.6515749007936508 0.01925595238095238 0.02540922619047619
2 0.1456712962962963 0.6583705357142857 0.0398015873015873 0.020121527777777776
2 0.14399140211640213 0.707983630952381 0.028091931216931217 0.013685515873015874
1 0.6798445767195767 0.7104588293650794 0.06002645502645503 0.04576140873015873
0 0.4940707671957672 0.7291393849206349 0.0714021164021164 0.06103670634920635
2 0.2274404761904762 0.820109126984127 0.03141203703703704 0.016877480158730158
2 0.2937169312169312 0.8733705357142857 0.023938492063492064 0.026629464285714288
2 0.5568022486772487 0.1965625 0.028508597883597882 0.014464285714285714
2 0.3901256613756614 0.2426686507936508 0.030595238095238095 0.030736607142857145