1 0.4102777777777778 0.2496825396825397 0.052083333333333336 0.04573164682539682
2 0.36013227513227514 0.254109623015873 0.026537698412698412 0.017703373015873016
2 0.7687136243386243 0.38982886904761904 0.04117063492063492 0.02729166666666667
0 0.7677248677248677 0.4536334325396825 0.09918650793650793 0.04868303571428571
0 0.7332903439153439 0.4973363095238095 0.08244378306878307 0.05126488095238095
2 0.5454861111111111 0.5242609126984127 0.022533068783068783 0.02618551587301587
2 0.29927579365079365 0.7120386904761905 0.020810185185185185 0.035664682539682545
2 0.3431316137566138 0.7137971230158731 0.02939814814814815 0.03616815476190476
2 0.37226521164021165 0.7281125992063492 0.026193783068783068 0.018586309523809522
2 0.4646726190476191 0.7306250000000001 0.023326719576719578 0.027626488095238096
2 0.513885582010582 0.730875496031746 0.057460317460317455 0.054250992063492064
0 0.422146164021164 0.7389136904761905 0.061511243386243385 0.06831597222222222
2 0.530978835978836 0.19362351190476193 0.036798941798941796 0.020652281746031745
2 0.5056580687830687 0.21851934523809524 0.05106481481481481 0.03577380952380953