2 0.7578935185185185 0.2781448412698413 0.045026455026455026 0.02093998015873016
0 0.7637962962962962 0.3083829365079365 0.1058399470899471 0.05157738095238095
0 0.7355059523809524 0.35055803571428573 0.08221560846560846 0.052113095238095236
2 0.6976455026455026 0.3734176587301587 0.024113756613756615 0.02093998015873016
2 0.5583101851851852 0.38039930555555557 0.02183862433862434 0.027222222222222224
2 0.5250033068783069 0.04170386904761905 0.03153769841269841 0.01640128968253968
2 0.22256944444444443 0.44478670634920636 0.02693121693121693 0.01291170634920635
2 0.5173544973544973 0.5409350198412699 0.024616402116402116 0.012564484126984125
2 0.37542989417989414 0.5707713293650793 0.026474867724867724 0.031758432539682545
2 0.33286044973544976 0.5709474206349207 0.01951058201058201 0.02931547619047619
2 0.5352347883597883 0.5789732142857144 0.05665343915343915 0.046066468253968255
2 0.492202380952381 0.5810689484126984 0.022708333333333334 0.025825892857142856
2 0.4031117724867725 0.5812425595238095 0.025066137566137566 0.019193948412698413
0 0.45218915343915345 0.5876984126984127 0.05994047619047619 0.06281746031746031
2 0.499646164021164 0.06909970238095238 0.060856481481481484 0.04048363095238095
2 0.44498346560846563 0.07834821428571428 0.017609126984126984 0.021986607142857145
2 0.4724305555555556 0.08881696428571428 0.02504298941798942 0.022683531746031743
1 0.4038062169312169 0.08899305555555555 0.05437830687830688 0.05374503968253968
2 0.3570535714285714 0.1073139880952381 0.02694775132275132 0.01849702380952381
2 0.46731481481481485 0.11324652777777779 0.024113756613756615 0.025476190476190475
2 0.7518452380952381 0.2282390873015873 0.033862433862433865 0.01884424603174603
2 0.7618452380952382 0.24725942460317463 0.04735119047619048 0.027569444444444445