2 0.6752215608465608 0.3094146825396825 0.022169312169312172 0.01778521825396825
2 0.7287070105820106 0.36204117063492064 0.04493716931216931 0.038110119047619045
2 0.7340310846560847 0.39942460317460315 0.0430026455026455 0.03447916666666667
0 0.7763657407407407 0.4431622023809524 0.04056547619047619 0.03629464285714286
2 0.762093253968254 0.46493799603174607 0.056537698412698414 0.02685763888888889
2 0.29412037037037037 0.49143353174603177 0.024576719576719575 0.02250248015873016
2 0.11292328042328043 0.49218253968253967 0.03941468253968254 0.018625992063492063
2 0.22250992063492064 0.5197420634920634 0.03428240740740741 0.03992559523809523
2 0.3057308201058201 0.5219221230158729 0.04102513227513228 0.04282738095238096
0 0.15971891534391536 0.5237053571428572 0.05913359788359788 0.05014880952380952
0 0.7700727513227512 0.5244618055555555 0.07830687830687831 0.06678323412698413
2 0.5298082010582011 0.620642361111111 0.018802910052910054 0.0210515873015873
2 0.7170866402116401 0.6264508928571428 0.04492063492063492 0.03556795634920635
2 0.6679761904761905 0.6320758928571429 0.025102513227513227 0.026495535714285715
2 0.2259589947089947 0.021731150793650796 0.0387797619047619 0.04346230158730159
2 0.4144212962962963 0.2266294642857143 0.048898809523809525 0.03582093253968254