2 0.7765608465608466 0.2626612103174603 0.042916666666666665 0.037356150793650796
2 0.7807109788359788 0.30040674603174605 0.035651455026455024 0.02490327380952381
0 0.8185780423280423 0.34924107142857147 0.05016203703703704 0.03618799603174603
2 0.35190476190476194 0.3974950396825397 0.021669973544973544 0.022958829365079363
2 0.1726785714285714 0.4015798611111111 0.03885251322751323 0.017899305555555557
2 0.28162037037037035 0.42706845238095237 0.03899801587301587 0.040079365079365076
2 0.36124669312169316 0.4274578373015873 0.03850859788359789 0.04241567460317461
0 0.8312929894179893 0.4274578373015873 0.05410383597883598 0.06109375
0 0.22092923280423282 0.432125496031746 0.05868716931216931 0.0501984126984127
2 0.5856646825396825 0.521626984126984 0.02431216931216931 0.022958829365079363
2 0.7213161375661377 0.5253224206349206 0.022705026455026454 0.028018353174603175
2 0.769047619047619 0.5259052579365079 0.052010582010582014 0.0346329365079365
2 0.45930886243386243 0.13249751984126984 0.049695767195767196 0.03618799603174603
1 0.025138888888888888 0.14983134920634922 0.050277777777777775 0.031879960317460314