2 0.379103835978836 0.027021329365079366 0.046369047619047615 0.04590525793650794
0 0.49607473544973546 0.5305381944444445 0.06646494708994709 0.05811011904761905
1 0.7806944444444445 0.5576760912698413 0.042916666666666665 0.033816964285714284
2 0.408151455026455 0.5633705357142857 0.0672718253968254 0.030798611111111113
1 0.7780026455026454 0.5931994047619048 0.05491071428571429 0.03909226190476191
2 0.7738690476190475 0.6386507936507937 0.051603835978835985 0.031334325396825395
2 0.5134887566137566 0.736845238095238 0.02228174603174603 0.016133432539682538
1 0.39455357142857145 0.7424305555555556 0.04998346560846561 0.05398313492063492
2 0.5333465608465608 0.7478596230158729 0.03314814814814815 0.028231646825396826
2 0.45144841269841274 0.7643030753968254 0.03884920634920635 0.031956845238095236
0 0.5808994708994709 0.7667832341269841 0.058650793650793655 0.044985119047619045
0 0.4253637566137566 0.7853993055555556 0.040459656084656084 0.03505952380952381
0 0.5958002645502646 0.8092881944444444 0.07535714285714286 0.04995039682539683
2 0.39459325396825395 0.08338789682539684 0.06805224867724867 0.038933531746031744
0 0.8022949735449735 0.8763467261904762 0.06514219576719577 0.06828621031746031
2 0.32448743386243384 0.09878472222222222 0.07040343915343915 0.04067708333333333
2 0.4298445767195767 0.14411210317460316 0.03317791005291005 0.022080853174603173
0 0.42404431216931215 0.018013392857142856 0.06674603174603175 0.03602678571428571