1 0.6851851851851852 0.2554563492063492 0.05342261904761905 0.04194940476190476
1 0.6626686507936508 0.33566468253968257 0.055264550264550266 0.03877480158730159
0 0.6631117724867724 0.37335813492063497 0.08817129629629629 0.06137896825396825
2 0.517718253968254 0.3799826388888889 0.025826719576719576 0.024288194444444446
2 0.49387566137566136 0.40051587301587305 0.03113425925925926 0.03532738095238095
2 0.5464318783068783 0.4313343253968254 0.03892857142857143 0.04807291666666667
2 0.7384126984126984 0.49907242063492063 0.053468915343915346 0.03408730158730159
0 0.49166666666666664 0.5300992063492064 0.06690806878306879 0.0559375
2 0.4532175925925926 0.5541369047619048 0.04246031746031746 0.03321428571428571
2 0.5397321428571429 0.5709598214285715 0.023197751322751325 0.020540674603174602
2 0.46719907407407407 0.6035193452380953 0.06458994708994709 0.02884424603174603
2 0.4002017195767196 0.621654265873016 0.06694444444444445 0.03365079365079365
2 0.4960383597883598 0.6539930555555555 0.027873677248677252 0.020540674603174602
2 0.7940641534391535 0.9210094246031747 0.037744708994709 0.03277529761904762
2 0.8127149470899471 0.9413318452380952 0.04265873015873016 0.03670882936507936
1 0.8130059523809524 0.9762921626984127 0.04673941798941799 0.037584325396825394