2 0.5685085978835979 0.28558531746031746 0.01732473544973545 0.01334077380952381
0 0.6545337301587302 0.3122668650793651 0.037969576719576716 0.04002232142857143
0 0.6005588624338624 0.31769593253968254 0.035922619047619044 0.041572420634920636
2 0.7231911375661375 0.3557018849206349 0.0214021164021164 0.013960813492063491
2 0.5573412698412699 0.3581845238095238 0.014017857142857143 0.010858134920634921
2 0.5323181216931216 0.39401785714285714 0.0384292328042328 0.019856150793650794
2 0.5234259259259259 0.4239583333333334 0.020648148148148148 0.010858134920634921
2 0.3035582010582011 0.53875 0.0541468253968254 0.031956845238095236
2 0.6800958994708995 0.56875 0.019593253968253968 0.01888888888888889
2 0.7344477513227513 0.574047619047619 0.0263260582010582 0.023955853174603175
0 0.325271164021164 0.596922123015873 0.0744047619047619 0.03847222222222222
2 0.6278902116402116 0.6003075396825397 0.03066468253968254 0.023497023809523808
2 0.756306216931217 0.6075496031746032 0.026058201058201058 0.016411210317460317
2 0.7932208994708995 0.6155704365079365 0.037728174603174604 0.01678323412698413
2 0.3736640211640212 0.6473387896825398 0.023928571428571428 0.015823412698412698
2 0.7949636243386242 0.6566889880952381 0.016845238095238094 0.015478670634920633
1 0.3882440476190476 0.06687499999999999 0.045753968253968255 0.04458333333333333
1 0.3978670634920635 0.6837921626984127 0.04514880952380952 0.03971230158730159
0 0.8139583333333333 0.06963541666666666 0.019675925925925927 0.021230158730158728
2 0.8152215608465608 0.7006969246031746 0.025539021164021167 0.011748511904761904
2 0.3833664021164021 0.9039186507936507 0.02033399470899471 0.02570188492063492
0 0.8261276455026455 0.0934126984126984 0.041749338624338626 0.027175099206349206
2 0.41598544973544976 0.09702132936507936 0.019917328042328042 0.017408234126984126
2 0.38796296296296295 0.09786954365079366 0.024811507936507937 0.019107142857142857
2 0.6874007936507935 0.9833010912698413 0.02544312169312169 0.022353670634920633
2 0.7233465608465609 0.996654265873016 0.024401455026455028 0.006691468253968254
2 0.7957969576719576 0.10905257936507937 0.04085648148148148 0.01830357142857143
2 0.7726388888888889 0.14612847222222222 0.011084656084656086 0.013030753968253967
0 0.3217361111111111 0.14818452380952382 0.06332671957671958 0.0356671626984127
2 0.5989186507936508 0.18971726190476193 0.020228174603174602 0.010858134920634921
2 0.7627083333333333 0.19700892857142857 0.0251521164021164 0.025441468253968254
2 0.638829365079365 0.20833333333333334 0.01814484126984127 0.013960813492063491
0 0.6888723544973545 0.22493055555555555 0.0454265873015873 0.034126984126984124