2 0.4711904761904762 0.2876215277777778 0.0455026455026455 0.05150793650793651
0 0.7461574074074074 0.32300843253968253 0.06383597883597883 0.05229414682539683
1 0.45100529100529096 0.3409002976190476 0.09425595238095237 0.05190228174603175
2 0.25476190476190474 0.34799851190476194 0.02755621693121693 0.030153769841269842
2 0.7540277777777777 0.36527777777777776 0.046243386243386246 0.03460069444444444
2 0.43440476190476196 0.3758655753968254 0.03900132275132275 0.023514384920634922
2 0.386875 0.410672123015873 0.021081349206349208 0.02892609126984127
2 0.7744609788359788 0.417375992063492 0.05019510582010582 0.03027529761904762
2 0.8444378306878306 0.45296130952380953 0.03601851851851852 0.023591269841269843
2 0.34532738095238097 0.45415674603174605 0.015125661375661376 0.014370039682539682
2 0.3050033068783069 0.4606274801587302 0.05704365079365079 0.04521825396825397
2 0.2691005291005291 0.46593501984126984 0.02613095238095238 0.023591269841269843
0 0.874834656084656 0.49444196428571424 0.10309854497354497 0.05386656746031746
2 0.8407705026455026 0.5034871031746032 0.0307771164021164 0.014548611111111111
2 0.8009325396825396 0.5111532738095238 0.040228174603174606 0.018874007936507935
0 0.8756382275132275 0.5451636904761904 0.07878637566137567 0.04443204365079365
2 0.331765873015873 0.5467385912698413 0.022490079365079366 0.031061507936507936
2 0.2172089947089947 0.5604985119047619 0.025102513227513227 0.019265873015873018
2 0.18602182539682538 0.5717063492063492 0.017251984126984126 0.012581845238095237
2 0.37369708994708994 0.579766865079365 0.036101190476190474 0.017693452380952383
2 0.788614417989418 0.582125496031746 0.04704695767195768 0.02634424603174603
2 0.2245436507936508 0.5833035714285715 0.04501653439153439 0.021624503968253966
0 0.8444510582010581 0.5911681547619048 0.08139550264550265 0.04836309523809524
2 0.795436507936508 0.6143675595238095 0.04206349206349207 0.024771825396825396
2 0.18680555555555556 0.6342237103174603 0.057612433862433865 0.03774553571428571
2 0.5899537037037037 0.6454290674603175 0.019851190476190477 0.02634424603174603
2 0.14906746031746032 0.6483779761904762 0.040853174603174607 0.023591269841269843
2 0.14592261904761905 0.6953645833333334 0.021984126984126984 0.015334821428571429
1 0.6787962962962962 0.7038194444444444 0.06017857142857143 0.04954365079365079
0 0.49348214285714287 0.7207266865079365 0.07121031746031746 0.05897817460317461
2 0.22900132275132276 0.8070337301587301 0.029814814814814815 0.014548611111111111
2 0.5652777777777778 0.18794642857142857 0.028167989417989422 0.019660218253968253
2 0.39728505291005295 0.2327703373015873 0.024563492063492065 0.027524801587301587