1 0.7261739417989418 0.2504513888888889 0.07108796296296296 0.047648809523809524
1 0.3198710317460317 0.2893849206349206 0.05806878306878307 0.056946924603174603
2 0.441984126984127 0.29319940476190476 0.0207771164021164 0.02233134920634921
2 0.46402777777777776 0.30637896825396826 0.032129629629629626 0.034032738095238095
2 0.37472552910052914 0.315530753968254 0.036236772486772484 0.030602678571428572
0 0.5270866402116402 0.32831845238095236 0.08510582010582012 0.05462301587301587
2 0.41976851851851854 0.03428571428571429 0.0378207671957672 0.020920138888888887
0 0.5325099206349206 0.3768402777777778 0.07580687830687831 0.04823164682539682
2 0.41705357142857147 0.06798859126984128 0.07113095238095238 0.07670386904761904
2 0.6187698412698412 0.7829439484126984 0.03484788359788359 0.029813988095238095
0 0.5780787037037036 0.7967857142857142 0.05378968253968254 0.04755952380952381
2 0.715297619047619 0.09297371031746032 0.038485449735449734 0.022080853174603173
2 0.324484126984127 0.09849454365079365 0.07194113756613757 0.041257440476190475
2 0.35314814814814816 0.13888144841269842 0.0362962962962963 0.022080853174603173
1 0.7288525132275133 0.20977430555555554 0.05165013227513227 0.02789186507936508