2 0.604375 0.26145833333333335 0.018250661375661375 0.023234126984126986
2 0.6540839947089947 0.27020585317460316 0.026646825396825398 0.022373511904761903
0 0.25437830687830687 0.27907490079365077 0.0709160052910053 0.03584077380952381
2 0.5561937830687831 0.2813938492063492 0.02056547619047619 0.024667658730158727
2 0.5456216931216932 0.2881175595238095 0.015615079365079365 0.022646329365079366
2 0.2587136243386243 0.3030729166666667 0.027605820105820106 0.012155257936507936
1 0.6747387566137566 0.3113566468253969 0.024021164021164023 0.013263888888888888
2 0.7015079365079365 0.31515873015873014 0.01958664021164021 0.012415674603174604
2 0.2748776455026455 0.31566964285714283 0.013743386243386245 0.011768353174603176
2 0.7189451058201058 0.319484126984127 0.013971560846560847 0.010634920634920636
1 0.32479166666666665 0.3632266865079365 0.05077380952380952 0.04191964285714286
1 0.7054927248677249 0.36496527777777776 0.025595238095238098 0.016924603174603172
2 0.4948214285714285 0.040014880952380955 0.01255621693121693 0.013482142857142857
2 0.7259689153439153 0.4121949404761905 0.025588624338624338 0.013521825396825398
2 0.2953505291005291 0.5900768849206349 0.0205026455026455 0.021374007936507938
2 0.6538657407407408 0.05954861111111111 0.018244047619047618 0.014714781746031745
2 0.5948875661375661 0.684124503968254 0.02568452380952381 0.01835813492063492
1 0.6327546296296297 0.7158382936507937 0.047549603174603175 0.038663194444444444
1 0.4690079365079365 0.0727157738095238 0.03589285714285714 0.024382440476190478
1 0.6425165343915344 0.7484970238095239 0.055353835978835975 0.031339285714285715
2 0.6588293650793651 0.7704885912698413 0.013938492063492063 0.007497519841269841
2 0.6341964285714285 0.8480233134920635 0.022986111111111113 0.01023561507936508
2 0.6234292328042328 0.8704265873015873 0.04815476190476191 0.030478670634920636
2 0.5746164021164022 0.8965823412698413 0.0154265873015873 0.01091765873015873
2 0.4586838624338624 0.10254712301587303 0.02060185185185185 0.008891369047619047
1 0.5911871693121693 0.012333829365079364 0.036425264550264555 0.022373511904761903
1 0.5391765873015874 0.012477678571428572 0.03318783068783069 0.024382440476190478
1 0.23524140211640213 0.232125496031746 0.04717261904761905 0.02997271825396825