2 0.7241732804232804 0.25587053571428575 0.04810846560846561 0.03420138888888889
2 0.39927910052910054 0.25919642857142855 0.03943121693121693 0.026909722222222224
2 0.34784722222222225 0.30015376984126985 0.024153439153439156 0.03205357142857143
2 0.7422387566137567 0.3089484126984127 0.047242063492063495 0.031297123015873014
2 0.3048544973544974 0.34605902777777775 0.014146825396825397 0.01384920634920635
2 0.8102017195767196 0.3462152777777778 0.04119378306878307 0.026458333333333334
2 0.2626455026455026 0.3506101190476191 0.057420634920634914 0.042738095238095235
2 0.2233498677248677 0.36010664682539684 0.02419973544973545 0.023742559523809523
2 0.804619708994709 0.38590277777777776 0.04035714285714286 0.018715277777777775
0 0.8394543650793651 0.38783730158730156 0.10056547619047619 0.05420634920634921
2 0.7736507936507937 0.3996155753968254 0.042949735449735446 0.02226438492063492
0 0.8377380952380953 0.4357539682539683 0.08249999999999999 0.04549603174603174
2 0.28823743386243383 0.44043898809523807 0.023118386243386243 0.03165674603174603
2 0.8033300264550265 0.4444642857142857 0.026593915343915343 0.015811011904761904
2 0.1705952380952381 0.4582465277777778 0.02105489417989418 0.01978670634920635
2 0.13683531746031746 0.4707118055555556 0.017900132275132277 0.01384920634920635
2 0.7540806878306878 0.47108382936507937 0.04596891534391534 0.026458333333333334
2 0.3349206349206349 0.47288690476190476 0.03734457671957672 0.016619543650793652
0 0.8044014550264551 0.4807638888888889 0.08208002645502646 0.04904513888888889
2 0.17033068783068783 0.48317708333333337 0.03529431216931217 0.01978670634920635
2 0.7583796296296297 0.5064161706349206 0.040806878306878305 0.026135912698412696
2 0.5555456349206349 0.5343253968253968 0.019748677248677248 0.02904017857142857
2 0.13801256613756616 0.5365848214285714 0.06145833333333333 0.03613839285714286
2 0.09693783068783068 0.5549751984126984 0.040396825396825396 0.021294642857142856
1 0.6407109788359788 0.5946626984126984 0.06273148148148147 0.047752976190476186
0 0.4548710317460317 0.6103125 0.07308531746031746 0.056465773809523806
2 0.5365873015873016 0.06630704365079365 0.029156746031746034 0.015811011904761904
2 0.18190476190476193 0.7088839285714286 0.03308201058201059 0.016133432539682538
2 0.24735119047619047 0.7595882936507936 0.024718915343915345 0.02651289682539683
1 0.8300694444444445 0.9821527777777778 0.07535383597883598 0.035691964285714285
0 0.6837268518518519 0.9830307539682539 0.03092261904761905 0.033936011904761906
2 0.38075727513227514 0.9895560515873015 0.04208994708994709 0.02063740079365079
2 0.36413029100529104 0.1140625 0.02514880952380952 0.03072172619047619
2 0.43906415343915345 0.16929563492063493 0.04428902116402117 0.05229166666666667
0 0.7166402116402116 0.2129563492063492 0.06746031746031746 0.05614335317460318
0 0.41937169312169315 0.22602430555555555 0.09415013227513226 0.0532390873015873
2 0.21042328042328043 0.22773809523809524 0.02684193121693122 0.03442708333333334