0 0.7478637566137566 0.29936507936507933 0.10001653439153439 0.04700892857142857
0 0.7203042328042327 0.3352678571428571 0.07215939153439153 0.050625
2 0.5464219576719577 0.3517981150793651 0.017820767195767195 0.026862599206349206
2 0.6814748677248678 0.35305803571428573 0.02220899470899471 0.021180555555555557
2 0.5372652116402117 0.05049603174603175 0.030413359788359788 0.016388888888888887
2 0.355625 0.527437996031746 0.03021164021164021 0.03409474206349206
2 0.31568452380952383 0.5279538690476191 0.02058531746031746 0.03099454365079365
2 0.3838657407407407 0.5413864087301588 0.03315476190476191 0.02066468253968254
2 0.4699470899470899 0.5444866071428571 0.023548280423280422 0.029962797619047618
2 0.5099140211640212 0.5445808531746031 0.05317460317460318 0.04700892857142857
0 0.4310284391534392 0.547326388888889 0.05566468253968254 0.06147321428571429
2 0.5116071428571428 0.06821924603174603 0.041091269841269845 0.02972718253968254
2 0.42959656084656084 0.08450892857142857 0.04835978835978836 0.046654265873015875
2 0.38077050264550266 0.09803075396825396 0.02668650793650794 0.02097470238095238
2 0.48010912698412694 0.10423363095238095 0.02382936507936508 0.018675595238095238
2 0.7387400793650793 0.22582589285714286 0.03412037037037037 0.016706349206349207
2 0.7512665343915343 0.24462053571428571 0.038488756613756614 0.025059523809523813