0 0.8107308201058201 0.2797792658730159 0.0646494708994709 0.050662202380952384
2 0.7663690476190477 0.3028422619047619 0.027096560846560844 0.019660218253968253
0 0.7583035714285715 0.34235119047619045 0.057341269841269846 0.04725942460317461
2 0.8243419312169312 0.3478348214285714 0.08078373015873015 0.03780753968253968
2 0.18037037037037038 0.47889632936507937 0.043538359788359786 0.019871031746031748
0 0.5768386243386243 0.5234970238095238 0.03573743386243386 0.024288194444444446
0 0.775056216931217 0.5809598214285714 0.04945767195767196 0.03217261904761905
2 0.8170568783068783 0.5938839285714286 0.029136904761904763 0.014794146825396825
2 0.5723478835978836 0.595032242063492 0.05810846560846561 0.051664186507936506
2 0.7573247354497354 0.6152405753968254 0.03823743386243386 0.02959077380952381
1 0.4164252645502645 0.6210863095238095 0.061111111111111116 0.06137896825396825
0 0.5623611111111111 0.6295337301587302 0.07546957671957671 0.05482886904761904