2 0.7148743386243387 0.2570014880952381 0.04366402116402116 0.028936011904761905
2 0.3909060846560846 0.2617733134920635 0.04088955026455027 0.023566468253968253
2 0.3396064814814815 0.30025793650793653 0.025796957671957672 0.034305555555555554
2 0.7327678571428571 0.3101016865079365 0.04365740740740741 0.030128968253968255
2 0.29503968253968255 0.34694444444444444 0.014623015873015873 0.011932043650793651
2 0.8015707671957671 0.3476884920634921 0.03806216931216931 0.02416418650793651
2 0.25347883597883597 0.3529092261904762 0.059576719576719575 0.04176339285714285
2 0.21411044973544974 0.36275545634920636 0.023799603174603175 0.022671130952380953
2 0.8001785714285714 0.3870684523809524 0.029712301587301586 0.012827380952380953
0 0.8313888888888888 0.3885590277777778 0.09691137566137566 0.05399553571428572
2 0.7643849206349206 0.4001934523809524 0.04006613756613756 0.02714781746031746
0 0.8337797619047619 0.43643849206349206 0.07066137566137566 0.03878224206349207
2 0.7962037037037036 0.4435987103174603 0.020168650793650794 0.016108630952380954
2 0.16000661375661376 0.46104910714285713 0.029351851851851855 0.019389880952380954
2 0.7445006613756613 0.4710441468253968 0.04723214285714286 0.025654761904761906
2 0.3255026455026455 0.4743253968253968 0.03577380952380953 0.017899305555555557
2 0.12799603174603175 0.4747718253968254 0.017037037037037038 0.019987599206349207
0 0.7950033068783069 0.48222966269841266 0.08379960317460318 0.043851686507936506
2 0.16159722222222223 0.48446924603174607 0.03253306878306878 0.020285218253968257
2 0.7506646825396827 0.5059474206349206 0.03887896825396825 0.021478174603174603
2 0.5468551587301588 0.5353323412698413 0.019467592592592592 0.02416418650793651
2 0.127989417989418 0.5393576388888889 0.062374338624338624 0.03639384920634921
2 0.08901785714285715 0.5586011904761905 0.043296957671957674 0.023566468253968253
1 0.6341435185185186 0.5952926587301587 0.06198743386243386 0.051011904761904765
0 0.4481845238095238 0.6131919642857142 0.07271164021164021 0.05936507936507937
2 0.5275099206349206 0.07025297619047619 0.030102513227513228 0.014618055555555554
2 0.17712301587301588 0.7131274801587302 0.038125 0.014020337301587301
2 0.24015542328042327 0.764439484126984 0.026570767195767193 0.026550099206349206
2 0.35233134920634923 0.11723958333333333 0.03294973544973545 0.03520089285714286
2 0.4286838624338624 0.17376984126984127 0.045648148148148146 0.05459325396825397
0 0.7067195767195766 0.21508680555555557 0.06474537037037037 0.05548611111111111
1 0.4083994708994709 0.228062996031746 0.09576388888888888 0.05220486111111111
2 0.20198082010582008 0.2306001984126984 0.028177910052910052 0.03162202380952381