2 0.7026488095238095 0.2887375992063492 0.02009920634920635 0.014057539682539682
2 0.5354133597883598 0.2902430555555556 0.013716931216931216 0.011021825396825396
2 0.5119940476190477 0.32755704365079363 0.036071428571428574 0.020436507936507937
1 0.2859060846560847 0.47852678571428575 0.05483465608465608 0.031783234126984125
2 0.661385582010582 0.5025868055555556 0.01615740740740741 0.018382936507936508
2 0.7134623015873016 0.507452876984127 0.02658730158730159 0.0237921626984127
2 0.6094841269841269 0.5343526785714287 0.03059193121693122 0.021356646825396824
0 0.3126884920634921 0.5382936507936508 0.08027777777777778 0.03860367063492064
2 0.7370667989417989 0.5407068452380953 0.025496031746031746 0.01567956349206349
2 0.7707638888888889 0.5477356150793651 0.03449404761904762 0.016220238095238097
2 0.3594212962962963 0.5844791666666667 0.025790343915343912 0.014476686507936508
2 0.7727480158730159 0.587748015873016 0.017552910052910053 0.014598214285714286
1 0.3845502645502646 0.6195138888888889 0.04500661375661375 0.039742063492063495
2 0.7958134920634921 0.6314087301587302 0.021868386243386242 0.012165178571428572
2 0.7506316137566137 0.06842757936507936 0.014298941798941799 0.01607390873015873
0 0.2888293650793651 0.07112847222222222 0.06445767195767195 0.04135416666666667
2 0.3761342592592593 0.8331597222222222 0.01923611111111111 0.024816468253968254
1 0.7111441798941799 0.9276438492063492 0.0460978835978836 0.035932539682539684
1 0.7256283068783069 0.9533655753968253 0.05108465608465608 0.028953373015873016
2 0.5754332010582011 0.11524305555555556 0.018508597883597884 0.012363591269841271
2 0.7414484126984127 0.12388144841269841 0.024708994708994708 0.028244047619047617
2 0.6174636243386243 0.13536210317460318 0.018611111111111113 0.014466765873015873
2 0.6656580687830688 0.15238839285714284 0.0461739417989418 0.03515128968253968
2 0.38365740740740745 0.01550843253968254 0.018270502645502645 0.019437003968253968
2 0.8055853174603175 0.01618799603174603 0.04093253968253968 0.030999503968253968
2 0.35774801587301586 0.01840277777777778 0.028184523809523812 0.0219171626984127
2 0.5453670634920635 0.21515625 0.01832010582010582 0.01423611111111111
0 0.6329133597883598 0.24259672619047618 0.0391005291005291 0.04248015873015873
0 0.5802612433862434 0.2475347222222222 0.037896825396825394 0.040873015873015874