2 0.21156746031746032 0.26075396825396824 0.02585978835978836 0.02163690476190476
2 0.7717857142857143 0.39336805555555554 0.03896494708994709 0.013234126984126984
0 0.6242228835978836 0.4235143849206349 0.024222883597883597 0.024999999999999998
2 0.7747222222222223 0.42461805555555554 0.08405092592592592 0.041909722222222216
2 0.3389914021164021 0.45660218253968254 0.03805224867724868 0.030880456349206352
2 0.7154232804232804 0.4643229166666667 0.04976851851851852 0.03602926587301587
1 0.4879761904761905 0.4999826388888889 0.04583994708994709 0.047056051587301584
0 0.3958366402116402 0.5032911706349207 0.09096230158730159 0.0713219246031746
2 0.4502414021164021 0.5113789682539683 0.03703042328042328 0.031617063492063495
2 0.5154298941798942 0.5198338293650793 0.032585978835978836 0.03823412698412698
2 0.5335615079365079 0.5304960317460318 0.03553240740740741 0.04338045634920635
0 0.5776719576719577 0.5437301587301587 0.05123346560846561 0.06690972222222222
1 0.5570767195767196 0.06360119047619048 0.060515873015873016 0.05514632936507936
0 0.310462962962963 0.6440500992063491 0.051726190476190474 0.03311755952380952
0 0.280734126984127 0.6824677579365079 0.05350198412698413 0.03665178571428571
1 0.7845238095238095 0.7032837301587301 0.054642857142857146 0.03749751984126984
2 0.815899470899471 0.7301215277777777 0.029662698412698415 0.017646329365079365
0 0.2898578042328042 0.7394320436507936 0.057619047619047625 0.03576884920634921
2 0.8296230158730159 0.7676215277777778 0.06299603174603174 0.030880456349206352
1 0.28456018518518517 0.7774082341269842 0.07174933862433862 0.04371775793650794
2 0.7413988095238094 0.7988690476190476 0.02721230158730159 0.016912202380952382
2 0.35343584656084653 0.8231101190476191 0.05170965608465609 0.03267609126984127
2 0.1774239417989418 0.8429811507936508 0.04 0.030027281746031743
0 0.7708167989417989 0.848499503968254 0.09433862433862433 0.04411706349206349
2 0.36256283068783074 0.8502678571428572 0.02521494708994709 0.026054067460317458
2 0.3917063492063492 0.8562301587301587 0.026008597883597887 0.024729662698412695
0 0.3855456349206349 0.08602678571428572 0.07234126984126985 0.04999751984126984
2 0.6771990740740741 0.8683531746031745 0.022334656084656086 0.022058531746031746
2 0.4258399470899471 0.8873611111111112 0.05521494708994709 0.027819940476190477
2 0.6468948412698413 0.9323040674603175 0.031617063492063495 0.02283234126984127
2 0.15123015873015871 0.9414558531746031 0.02176256613756614 0.039742063492063495
2 0.6031911375661375 0.9422470238095237 0.05079034391534391 0.05220486111111111
2 0.15358465608465607 0.23735119047619047 0.028826058201058203 0.018105158730158732