2 0.31208002645502647 0.31960813492063495 0.026927910052910054 0.019250992063492064
2 0.38951388888888894 0.3223809523809524 0.030519179894179897 0.022839781746031747
2 0.3340509259259259 0.3507688492063492 0.023971560846560845 0.030672123015873017
1 0.6893551587301587 0.6724751984126984 0.0578505291005291 0.02751736111111111
0 0.6701488095238095 0.7503273809523809 0.0810515873015873 0.04160962301587302
1 0.6121891534391535 0.7692881944444444 0.04842592592592593 0.028524305555555556
0 0.5334457671957672 0.7899255952380952 0.06254298941798941 0.036240079365079364
2 0.6041335978835979 0.8038516865079365 0.019794973544973546 0.019126984126984128
2 0.5793055555555555 0.81375 0.01576058201058201 0.018120039682539682
2 0.45714616402116404 0.09772569444444444 0.04383928571428571 0.05449156746031746
2 0.397989417989418 0.1326388888888889 0.03777116402116402 0.0453546626984127
2 0.5052149470899471 0.1375347222222222 0.018158068783068783 0.025776289682539685
2 0.5666997354497355 0.15145585317460317 0.02181878306878307 0.012881944444444444
2 0.6039517195767196 0.15571428571428572 0.013773148148148147 0.01142609126984127
2 0.4278571428571428 0.1606001984126984 0.013759920634920635 0.01582093253968254
2 0.4120304232804233 0.017373511904761905 0.03313822751322751 0.03294146825396825
2 0.397989417989418 0.18109623015873014 0.03864087301587302 0.02936755952380952
2 0.3433994708994709 0.1897420634920635 0.03300595238095238 0.02121031746031746
2 0.3283928571428571 0.20442460317460318 0.02561838624338624 0.017294146825396827