0 0.39981150793650794 0.2600496031746032 0.03363425925925926 0.034131944444444444
0 0.37152116402116403 0.3009151785714286 0.03810515873015873 0.03192708333333333
0 0.33621362433862434 0.3303497023809524 0.0457473544973545 0.024360119047619047
1 0.5781712962962964 0.37964285714285717 0.03380291005291005 0.03370039682539682
0 0.6911441798941799 0.3823015873015873 0.05184193121693122 0.04521577380952381
0 0.6287433862433862 0.3877554563492064 0.030287698412698415 0.01913938492063492
1 0.8154761904761905 0.040533234126984126 0.03651455026455026 0.02908978174603175
2 0.5338822751322752 0.4216641865079365 0.024735449735449735 0.021217757936507937
0 0.5975859788359789 0.438375496031746 0.030099206349206348 0.022743055555555555
2 0.5318022486772487 0.44128224206349204 0.01974537037037037 0.017886904761904764
2 0.5308333333333334 0.4557886904761905 0.013637566137566138 0.012455357142857143
1 0.7893320105820106 0.47134920634920635 0.05185185185185186 0.024729662698412695
2 0.4997420634920635 0.4800372023809524 0.019933862433862436 0.011924603174603175
2 0.5053075396825397 0.5527108134920635 0.023290343915343917 0.010731646825396826
1 0.7561078042328042 0.5752529761904762 0.036590608465608465 0.02066964285714286
0 0.4360251322751323 0.5780828373015873 0.03895171957671958 0.030540674603174604
1 0.4749074074074074 0.5976364087301588 0.027953042328042327 0.030863095238095238
2 0.7595601851851851 0.5986929563492063 0.019014550264550265 0.018824404761904764
2 0.5186607142857143 0.6000595238095239 0.024970238095238097 0.01534970238095238
2 0.8009556878306878 0.06247519841269841 0.022840608465608463 0.020153769841269844
2 0.2597883597883598 0.6637251984126984 0.039388227513227514 0.016966765873015873
2 0.25860449735449736 0.713655753968254 0.049513888888888885 0.018583829365079366
2 0.5642261904761905 0.7266641865079365 0.019573412698412698 0.019389880952380954
0 0.30546626984126984 0.7327232142857143 0.03939484126984127 0.023752480158730157
1 0.6624603174603174 0.7412078373015873 0.03980489417989418 0.028439980158730158
2 0.5754332010582011 0.7424206349206349 0.03341931216931217 0.025369543650793653
1 0.5184358465608465 0.7466220238095238 0.0301223544973545 0.019875992063492064
2 0.447119708994709 0.7887152777777777 0.01632936507936508 0.015188492063492064
2 0.35178571428571426 0.7904117063492063 0.030340608465608467 0.032480158730158734
2 0.7185317460317461 0.8602529761904761 0.040013227513227514 0.016242559523809524
2 0.45995370370370375 0.8682167658730159 0.018293650793650792 0.018097718253968255
2 0.7341964285714286 0.08761160714285714 0.025085978835978837 0.02715277777777778
2 0.7027380952380952 0.8811582341269841 0.029014550264550264 0.022901785714285715
2 0.3856018518518518 0.8926984126984128 0.03117724867724868 0.035386904761904765
2 0.3524272486772487 0.8984325396825397 0.025591931216931218 0.019389880952380954
2 0.4389153439153439 0.09281001984126984 0.031332671957671955 0.02397073412698413
2 0.5053968253968254 0.9313169642857143 0.035925925925925924 0.01890625
2 0.30794642857142857 0.9427083333333334 0.03228505291005291 0.015513392857142856
2 0.524890873015873 0.9936532738095237 0.022777777777777775 0.012693452380952382
2 0.3766997354497355 0.11858382936507936 0.0313558201058201 0.020364583333333332
1 0.8085648148148148 0.01257688492063492 0.03031746031746032 0.02515376984126984
2 0.4005952380952381 0.1361904761904762 0.022017195767195765 0.019516369047619046
2 0.49674603174603177 0.13947916666666665 0.016888227513227515 0.014213789682539684
2 0.44499669312169315 0.14722222222222223 0.018039021164021164 0.011879960317460317
0 0.7666203703703705 0.16380952380952382 0.05988425925925926 0.03561755952380953
2 0.4728505291005291 0.16928571428571426 0.018310185185185183 0.022061011904761906
2 0.7769708994708995 0.1892906746031746 0.03461309523809524 0.023100198412698413
2 0.743938492063492 0.18981894841269842 0.024871031746031745 0.020629960317460318
1 0.5507771164021164 0.1986656746031746 0.0361276455026455 0.03075892857142857
2 0.3672222222222222 0.022061011904761906 0.05426587301587302 0.026304563492063494
2 0.7938921957671957 0.22120535714285713 0.020856481481481483 0.014283234126984129