1 0.10390625 0.25625 0.20703125 0.278125
1 0.36484375 0.37421875 0.14609375 0.1984375
0 0.27578125 0.7515625 0.13125 0.20234375
0 0.521875 0.64765625 0.1015625 0.13515625
0 0.54140625 0.94375 0.1078125 0.1125
0 0.5953125 0.4046875 0.0671875 0.09375
0 0.72890625 0.48828125 0.1015625 0.10625
0 0.90390625 0.30390625 0.08671875 0.0921875
0 0.95 0.49375 0.08828125 0.1078125
0 0.92890625 0.5453125 0.06640625 0.0640625
0 0.803125 0.5515625 0.08125 0.103125
1 0.821875 0.478125 0.1015625 0.13359375
2 0.69375 0.4875 0.12109375 0.16171875
