1 0.89921875 0.71484375 0.2015625 0.2921875
1 0.64375 0.61640625 0.159375 0.2078125
0 0.70625 0.23359375 0.1453125 0.2109375
0 0.46796875 0.35390625 0.1109375 0.1421875
0 0.428125 0.06015625 0.115625 0.1203125
0 0.41171875 0.6015625 0.0734375 0.0984375
0 0.27265625 0.52734375 0.109375 0.1125
0 0.1109375 0.7234375 0.0921875 0.0984375
0 0.0515625 0.5375 0.0953125 0.1140625
0 0.06875 0.484375 0.0703125 0.06875
0 0.19375 0.46953125 0.0875 0.1078125
1 0.18046875 0.54453125 0.1109375 0.140625
2 0.3078125 0.52578125 0.1328125 0.1703125
