0 0.04296875 0.525 0.034375 0.03828125
0 0.0890625 0.515625 0.046875 0.05546875
2 0.103125 0.46796875 0.0546875 0.06640625
0 0.15 0.4640625 0.028125 0.0359375
0 0.1265625 0.44921875 0.02578125 0.05
0 0.14609375 0.425 0.03125 0.0359375
2 0.21796875 0.44296875 0.05234375 0.065625
2 0.2796875 0.45234375 0.05234375 0.06015625
0 0.28125 0.4296875 0.0265625 0.0296875
2 0.1703125 0.3890625 0.06328125 0.0546875
1 0.18515625 0.42890625 0.0390625 0.05546875
0 0.171875 0.45625 0.0296875 0.0453125
0 0.57734375 0.2890625 0.03984375 0.0515625
0 0.57265625 0.43828125 0.03359375 0.040625
2 0.49140625 0.4578125 0.05078125 0.0609375
2 0.57109375 0.47109375 0.05078125 0.0703125
0 0.6765625 0.42109375 0.028125 0.02890625
1 0.69296875 0.440625 0.0125 0.03984375
2 0.72109375 0.4328125 0.06171875 0.07578125
1 0.803125 0.41328125 0.0484375 0.05625
2 0.9671875 0.46875 0.06484375 0.0796875
0 0.9890625 0.4015625 0.021875 0.034375
0 0.9890625 0.34375 0.021875 0.0296875
0 0.9 0.39296875 0.046875 0.05546875
