2 0.01015625 0.42421875 0.0203125 0.06953125
2 0.17265625 0.38046875 0.0625 0.075
1 0.22265625 0.3734375 0.05546875 0.053125
1 0.23125 0.34453125 0.03828125 0.0703125
0 0.2109375 0.33359375 0.04765625 0.05078125
1 0.30078125 0.309375 0.07421875 0.08984375
0 0.465625 0.3890625 0.034375 0.040625
2 0.40390625 0.41953125 0.0453125 0.06953125
2 0.45625 0.42734375 0.05546875 0.06328125
0 0.434375 0.39921875 0.0390625 0.0640625
0 0.5703125 0.37578125 0.0671875 0.0953125
0 0.61484375 0.30546875 0.03671875 0.03828125
0 0.703125 0.3828125 0.04453125 0.05703125
0 0.7765625 0.3015625 0.04921875 0.06171875
0 0.71953125 0.3078125 0.05703125 0.07890625
