0 0.175 0.10859375 0.0671875 0.0484375
0 0.1828125 0.20625 0.03828125 0.05390625
2 0.0921875 0.4515625 0.08203125 0.0984375
0 0.078125 0.50234375 0.03046875 0.0296875
0 0.18203125 0.484375 0.02109375 0.03515625
2 0.16328125 0.46015625 0.07109375 0.08671875
2 0.1515625 0.38515625 0.06875 0.08203125
0 0.359375 0.32578125 0.040625 0.05703125
2 0.31640625 0.3546875 0.06015625 0.08515625
1 0.76484375 0.41171875 0.07578125 0.0875
0 0.87734375 0.371875 0.03671875 0.0390625
0 0.86171875 0.41328125 0.05546875 0.06875
0 0.99375 0.41328125 0.01171875 0.03125
0 0.9609375 0.3875 0.0609375 0.06796875
1 0.9828125 0.40859375 0.03359375 0.0875
2 0.9703125 0.33515625 0.05859375 0.09375
