2 0.9484375 0.5984375 0.0609375 0.0828125
2 0.89921875 0.44609375 0.078125 0.125
2 0.86640625 0.40625 0.0625 0.0875
2 0.38671875 0.29375 0.059375 0.078125
2 0.365625 0.22265625 0.0765625 0.109375
2 0.275 0.32890625 0.075 0.1109375
1 0.59296875 0.3671875 0.06875 0.109375
1 0.825 0.37890625 0.0359375 0.0671875
0 0.8515625 0.3796875 0.0359375 0.059375
0 0.9640625 0.56796875 0.034375 0.0421875
0 0.57109375 0.3046875 0.0375 0.06875
0 0.54765625 0.33984375 0.0390625 0.06875
0 0.553125 0.28125 0.0296875 0.0421875
0 0.490625 0.27109375 0.040625 0.065625
0 0.52265625 0.3296875 0.0421875 0.0890625
0 0.41171875 0.23515625 0.040625 0.0640625
0 0.3109375 0.26640625 0.0375 0.0578125
0 0.28125 0.26171875 0.03125 0.0453125
0 0.22265625 0.28203125 0.0609375 0.0828125
0 0.16875 0.2171875 0.04375 0.065625
0 0.1234375 0.2578125 0.0546875 0.0890625
0 0.1 0.18984375 0.046875 0.0609375
0 0.07734375 0.18203125 0.040625 0.0625
0 0.33671875 0.22109375 0.0234375 0.0296875
0 0.2109375 0.2890625 0.03125 0.04375
0 0.0625 0.1625 0.0203125 0.04375
