0 0.6296875 0.690625 0.065625 0.1265625
0 0.6234375 0.578125 0.0421875 0.06875
2 0.58671875 0.5765625 0.0609375 0.1234375
1 0.54140625 0.5921875 0.0609375 0.109375
2 0.47421875 0.60078125 0.0859375 0.165625
0 0.15625 0.64296875 0.03125 0.0609375
0 0.11640625 0.66875 0.046875 0.084375
0 0.078125 0.57890625 0.0546875 0.0984375
2 0.0515625 0.46796875 0.078125 0.109375
0 0.95859375 0.96015625 0.0515625 0.0796875
0 0.609375 0.51953125 0.01875 0.028125
0 0.58359375 0.5421875 0.021875 0.021875
0 0.028125 0.65625 0.021875 0.0328125
