2 0.30234375 0.53671875 0.128125 0.2578125
0 0.378125 0.521875 0.07578125 0.1484375
1 0.4671875 0.55703125 0.1109375 0.228125
2 0.603125 0.36484375 0.14921875 0.33046875
1 0.62109375 0.5078125 0.09375 0.1875
0 0.7203125 0.425 0.0984375 0.19453125
0 0.81015625 0.33203125 0.08359375 0.1546875
0 0.87578125 0.2 0.12578125 0.22265625
0 0.77109375 0.32265625 0.08671875 0.2140625
0 0.853125 0.43203125 0.07109375 0.12421875
0 0.89296875 0.378125 0.08359375 0.153125
0 0.95546875 0.44375 0.07421875 0.15546875
