2 0.4828125 0.7109375 0.146875 0.23125
2 0.45859375 0.28671875 0.1015625 0.1265625
2 0.4578125 0.46953125 0.121875 0.18125
2 0.68125 0.34609375 0.1625 0.215625
0 0.76953125 0.31015625 0.103125 0.1265625
1 0.68515625 0.28515625 0.1484375 0.2109375
1 0.38125 0.43125 0.11875 0.1625
1 0.35546875 0.628125 0.121875 0.1734375
2 0.38515625 0.47265625 0.1328125 0.2140625
0 0.41171875 0.67890625 0.0875 0.1390625
0 0.1875 0.58203125 0.121875 0.16875
0 0.25859375 0.57421875 0.0796875 0.115625
0 0.31484375 0.54140625 0.0796875 0.1203125
0 0.228125 0.72890625 0.05 0.0734375
0 0.0953125 0.5640625 0.05625 0.06875
2 0.0078125 0.53125 0.015625 0.1125
