2 0.43359375 0.29921875 0.1296875 0.2265625
2 0.62109375 0.68046875 0.09375 0.121875
2 0.55078125 0.51171875 0.109375 0.1765625
2 0.39296875 0.7125 0.1484375 0.209375
0 0.32578125 0.7796875 0.0953125 0.121875
1 0.4140625 0.7703125 0.134375 0.20625
1 0.63671875 0.5171875 0.1078125 0.1578125
1 0.5828125 0.32578125 0.109375 0.16875
2 0.61640625 0.4796875 0.1171875 0.2109375
0 0.5109375 0.3015625 0.0765625 0.1359375
0 0.75546875 0.30234375 0.109375 0.1640625
0 0.69296875 0.3375 0.071875 0.1125
0 0.65390625 0.3890625 0.071875 0.1171875
0 0.6609375 0.1828125 0.0453125 0.071875
0 0.84765625 0.2828125 0.0515625 0.065625
2 0.95703125 0.271875 0.0421875 0.1125
0 0.94609375 0.215625 0.0375 0.0640625
0 0.93203125 0.17578125 0.0453125 0.0640625
