2 0.534375 0.29140625 0.09765625 0.2140625
2 0.40859375 0.696875 0.0765625 0.11171875
2 0.4515625 0.51953125 0.084375 0.165625
2 0.6390625 0.69296875 0.1203125 0.1921875
0 0.715625 0.74921875 0.07890625 0.11015625
1 0.62734375 0.753125 0.10546875 0.19140625
1 0.36796875 0.53828125 0.08671875 0.14609375
1 0.390625 0.340625 0.0859375 0.1578125
2 0.38203125 0.4984375 0.08671875 0.19921875
0 0.4578125 0.30546875 0.0578125 0.128125
0 0.21640625 0.34453125 0.0875 0.1515625
0 0.28359375 0.36953125 0.05625 0.1046875
0 0.33046875 0.41484375 0.0546875 0.11015625
0 0.29140625 0.21171875 0.03515625 0.0671875
0 0.12265625 0.33984375 0.0421875 0.06015625
2 0.01328125 0.34609375 0.02578125 0.11015625
0 0.01484375 0.2890625 0.02890625 0.0609375
0 0.02265625 0.24765625 0.0359375 0.05859375
