2 0.2828125 0.784375 0.16875 0.2421875
1 0.2828125 0.31171875 0.18125 0.2578125
0 0.39921875 0.375 0.1359375 0.2
0 0.34140625 0.66875 0.115625 0.1671875
0 0.56015625 0.66484375 0.1015625 0.15625
0 0.459375 0.259375 0.075 0.0921875
0 0.66484375 0.1640625 0.1109375 0.1578125
0 0.64609375 0.7171875 0.065625 0.0921875
0 0.65390625 0.64609375 0.1265625 0.1859375
0 0.63828125 0.56796875 0.0640625 0.08125
0 0.8921875 0.3140625 0.071875 0.078125
0 0.88984375 0.41328125 0.046875 0.0625
0 0.7453125 0.26015625 0.0671875 0.1125
0 0.8328125 0.36953125 0.146875 0.159375
0 0.9359375 0.42578125 0.10625 0.15625
0 0.97421875 0.471875 0.0515625 0.1625
0 0.940625 0.31796875 0.090625 0.159375
