2 0.7546875 0.7515625 0.1421875 0.2328125
1 0.6890625 0.2828125 0.153125 0.246875
0 0.58203125 0.3625 0.1125 0.1921875
0 0.68046875 0.6453125 0.096875 0.159375
0 0.46328125 0.671875 0.0828125 0.1515625
0 0.50703125 0.25625 0.065625 0.0875
0 0.28984375 0.18984375 0.09375 0.15
0 0.38515625 0.73515625 0.05625 0.0890625
0 0.36796875 0.66640625 0.10625 0.178125
0 0.37265625 0.58671875 0.05625 0.0765625
0 0.0859375 0.3703125 0.0640625 0.0734375
0 0.1015625 0.46875 0.040625 0.0578125
0 0.2234375 0.296875 0.053125 0.1109375
0 0.15234375 0.4171875 0.13125 0.146875
0 0.05859375 0.4875 0.0875 0.15
0 0.0203125 0.53984375 0.040625 0.1609375
0 0.03828125 0.38125 0.071875 0.1546875
