0 0.08359375 0.7390625 0.1125 0.1625
0 0.30859375 0.60390625 0.084375 0.1296875
2 0.38671875 0.58046875 0.1421875 0.2140625
0 0.4734375 0.6609375 0.084375 0.128125
0 0.478125 0.625 0.115625 0.1953125
0 0.5671875 0.7265625 0.1109375 0.1796875
0 0.59375 0.759375 0.1078125 0.1453125
0 0.59140625 0.56171875 0.1125 0.1953125
0 0.64921875 0.45390625 0.109375 0.1625
0 0.696875 0.5265625 0.096875 0.13125
0 0.74453125 0.6109375 0.1109375 0.1703125
0 0.77890625 0.42109375 0.08125 0.1171875
1 0.965625 0.57265625 0.06875 0.1984375
0 0.98359375 0.50859375 0.0328125 0.1484375
0 0.0515625 0.67578125 0.06875 0.109375
