0 0.5859375 0.2078125 0.0875 0.171875
0 0.61953125 0.4875 0.1 0.1578125
0 0.4734375 0.20546875 0.0859375 0.1421875
0 0.43359375 0.31484375 0.0734375 0.1
0 0.46171875 0.34609375 0.103125 0.15
0 0.3734375 0.403125 0.0890625 0.153125
1 0.3921875 0.459375 0.0890625 0.1109375
0 0.4109375 0.559375 0.0671875 0.1140625
0 0.3765625 0.60078125 0.071875 0.1546875
0 0.34140625 0.66171875 0.034375 0.0609375
0 0.253125 0.63359375 0.046875 0.078125
0 0.315625 0.58046875 0.065625 0.115625
0 0.090625 0.48046875 0.0890625 0.1359375
0 0.03203125 0.50546875 0.0640625 0.1453125
2 0.08203125 0.4140625 0.128125 0.1875
1 0.52578125 0.71015625 0.1078125 0.1640625
