0 0.91953125 0.24765625 0.1046875 0.1640625
0 0.8578125 0.259375 0.0625 0.0875
0 0.5375 0.028125 0.10625 0.05625
0 0.578125 0.34765625 0.0953125 0.165625
0 0.5796875 0.40703125 0.075 0.115625
1 0.49375 0.24375 0.11875 0.15
2 0.49296875 0.428125 0.1890625 0.2859375
0 0.528125 0.59296875 0.071875 0.0984375
1 0.4171875 0.540625 0.140625 0.2078125
2 0.440625 0.5953125 0.146875 0.21875
0 0.3546875 0.57734375 0.0828125 0.1265625
0 0.1671875 0.6484375 0.090625 0.13125
0 0.0453125 0.378125 0.090625 0.15
0 0.42890625 0.66015625 0.0375 0.0484375
