2 0.20390625 0.22265625 0.1078125 0.1703125
1 0.265625 0.32890625 0.0625 0.1203125
1 0.1765625 0.3640625 0.0625 0.1125
0 0.2265625 0.35234375 0.0484375 0.0609375
0 0.02578125 0.1546875 0.0515625 0.14375
0 0.0515625 0.21953125 0.046875 0.0765625
0 0.56640625 0.3359375 0.0828125 0.1453125
0 0.65078125 0.30703125 0.0609375 0.1015625
0 0.48828125 0.4359375 0.0734375 0.1140625
0 0.38671875 0.3828125 0.059375 0.0984375
1 0.43828125 0.28515625 0.0921875 0.18125
1 0.5125 0.3046875 0.05 0.1609375
2 0.46875 0.34296875 0.0640625 0.146875
0 0.01171875 0.3296875 0.0234375 0.0875
1 0.009375 0.39375 0.01875 0.0625
2 0.63828125 0.3203125 0.1296875 0.2453125
