2 0.79140625 0.2171875 0.10546875 0.16796875
1 0.73125 0.325 0.0609375 0.11875
1 0.82109375 0.35859375 0.06015625 0.1109375
0 0.77109375 0.34765625 0.046875 0.059375
0 0.971875 0.14609375 0.05625 0.14296875
0 0.94375 0.21171875 0.0453125 0.0765625
0 0.43046875 0.3375 0.0796875 0.14453125
0 0.34609375 0.309375 0.059375 0.1
0 0.5109375 0.4359375 0.071875 0.1125
0 0.6109375 0.38046875 0.05703125 0.09765625
1 0.5578125 0.284375 0.08984375 0.1796875
1 0.484375 0.3046875 0.04765625 0.159375
2 0.528125 0.3421875 0.0609375 0.1453125
0 0.98671875 0.32109375 0.0265625 0.08671875
1 0.98984375 0.3859375 0.0203125 0.06171875
2 0.35859375 0.32265625 0.12578125 0.24296875
