0 0.97890625 0.8578125 0.0421875 0.15625
1 0.9359375 0.47265625 0.128125 0.1984375
0 0.86796875 0.2875 0.0484375 0.08125
0 0.84765625 0.3890625 0.0578125 0.0921875
0 0.78828125 0.71640625 0.0515625 0.078125
0 0.74609375 0.48046875 0.0625 0.078125
0 0.62421875 0.60546875 0.1234375 0.225
0 0.3671875 0.6625 0.115625 0.21875
0 0.07421875 0.30390625 0.1078125 0.196875
0 0.115625 0.4234375 0.084375 0.1109375
0 0.01875 0.32734375 0.0375 0.2515625
1 0.0765625 0.503125 0.153125 0.253125
2 0.209375 0.48125 0.159375 0.2546875
2 0.3421875 0.44296875 0.1515625 0.2515625
2 0.4640625 0.71484375 0.1640625 0.284375
2 0.42421875 0.4578125 0.1125 0.234375
