0 0.8828125 0.5375 0.1140625 0.2171875
0 0.875 0.3875 0.0546875 0.0875
0 0.82578125 0.3546875 0.0609375 0.121875
0 0.75859375 0.35234375 0.071875 0.1171875
0 0.75703125 0.4828125 0.0703125 0.1421875
2 0.67578125 0.5109375 0.1421875 0.2765625
2 0.6 0.4828125 0.08125 0.1734375
0 0.54453125 0.48203125 0.078125 0.153125
0 0.5046875 0.4078125 0.05 0.1015625
0 0.49140625 0.5875 0.065625 0.1171875
2 0.4453125 0.5765625 0.0921875 0.184375
0 0.39140625 0.5609375 0.0515625 0.090625
0 0.37734375 0.76171875 0.0828125 0.165625
0 0.378125 0.678125 0.0671875 0.1046875
0 0.29765625 0.834375 0.0796875 0.140625
2 0.290625 0.8375 0.090625 0.1828125
2 0.31953125 0.74140625 0.109375 0.2328125
2 0.23359375 0.740625 0.05625 0.1125
2 0.22265625 0.6671875 0.0921875 0.1609375
2 0.16796875 0.628125 0.071875 0.1359375
1 0.1296875 0.540625 0.0625 0.103125
0 0.1171875 0.6609375 0.0609375 0.09375
0 0.08984375 0.603125 0.0703125 0.1484375
0 0.06328125 0.51171875 0.0546875 0.0921875
0 0.09609375 0.51484375 0.0375 0.0609375
0 0.05078125 0.5984375 0.040625 0.1015625
2 0.02265625 0.53046875 0.0453125 0.1421875
0 0.01328125 0.6484375 0.0265625 0.075
0 0.0890625 0.7828125 0.0546875 0.096875
0 0.14765625 0.94921875 0.0671875 0.090625
