1 0.79765625 0.4140625 0.1125 0.1734375
2 0.69296875 0.2609375 0.1390625 0.2375
0 0.659375 0.68984375 0.1203125 0.2234375
1 0.515625 0.4890625 0.171875 0.315625
0 0.371875 0.78359375 0.0890625 0.171875
0 0.375 0.60703125 0.1296875 0.2203125
0 0.4078125 0.45625 0.1015625 0.13125
2 0.3796875 0.3625 0.1328125 0.190625
1 0.24921875 0.39453125 0.121875 0.1890625
2 0.2203125 0.34453125 0.1484375 0.228125
1 0.10390625 0.2609375 0.1203125 0.1875
0 0.14453125 0.34140625 0.0796875 0.146875
1 0.02890625 0.24765625 0.0375 0.1765625
