0 0.6046875 0.33515625 0.1265625 0.234375
0 0.5734375 0.6546875 0.1171875 0.1890625
0 0.41953125 0.725 0.1703125 0.35
0 0.5109375 0.41328125 0.146875 0.25625
0 0.48515625 0.59765625 0.0921875 0.1578125
2 0.7359375 0.47421875 0.2140625 0.4109375
1 0.27734375 0.91484375 0.1265625 0.1703125
0 0.17265625 0.93203125 0.1015625 0.1359375
0 0.0421875 0.9296875 0.05625 0.140625
1 0.05234375 0.8453125 0.0875 0.19375
0 0.028125 0.71015625 0.0453125 0.1015625
0 0.0234375 0.78515625 0.0328125 0.1296875
2 0.31328125 0.92109375 0.0953125 0.1578125
