1 0.015625 0.4921875 0.03125 0.08125
2 0.04765625 0.48359375 0.071875 0.1203125
1 0.0828125 0.49609375 0.0625 0.0953125
0 0.06796875 0.3921875 0.059375 0.09375
0 0.02265625 0.38359375 0.04375 0.05625
2 0.18125 0.49140625 0.08125 0.109375
2 0.3296875 0.50859375 0.0734375 0.1140625
1 0.37265625 0.49140625 0.059375 0.09375
1 0.43203125 0.4421875 0.0578125 0.08125
1 0.3078125 0.55 0.0453125 0.0640625
2 0.58359375 0.48046875 0.06875 0.103125
2 0.69609375 0.37890625 0.08125 0.1125
0 0.7390625 0.43359375 0.0515625 0.078125
2 0.734375 0.371875 0.065625 0.1
1 0.74921875 0.33515625 0.0515625 0.0609375
0 0.7796875 0.3640625 0.046875 0.0671875
0 0.8234375 0.3671875 0.0484375 0.075
2 0.790625 0.5078125 0.078125 0.1125
2 0.821875 0.4484375 0.0703125 0.1078125
2 0.86640625 0.440625 0.0703125 0.1078125
0 0.89140625 0.41484375 0.0546875 0.078125
0 0.93984375 0.38671875 0.0484375 0.0578125
1 0.9796875 0.39609375 0.0328125 0.078125
0 0.78046875 0.43203125 0.0359375 0.046875
