1 0.98515625 0.525 0.0296875 0.08125
2 0.95078125 0.53203125 0.0671875 0.11875
1 0.91640625 0.51796875 0.059375 0.0953125
0 0.92734375 0.6234375 0.05625 0.0921875
0 0.97265625 0.63359375 0.0421875 0.0546875
2 0.81796875 0.5203125 0.078125 0.1078125
2 0.6703125 0.496875 0.06875 0.1125
1 0.62734375 0.51328125 0.05625 0.0921875
1 0.565625 0.56015625 0.0546875 0.0796875
1 0.69375 0.45703125 0.0421875 0.0625
2 0.41640625 0.51640625 0.065625 0.1015625
2 0.3 0.61484375 0.078125 0.1109375
0 0.25859375 0.55859375 0.0484375 0.0765625
2 0.2609375 0.6203125 0.0625 0.0984375
1 0.2453125 0.65625 0.05 0.059375
0 0.215625 0.62578125 0.04375 0.065625
0 0.171875 0.621875 0.0453125 0.075
2 0.21015625 0.48203125 0.075 0.109375
2 0.1765625 0.540625 0.0671875 0.10625
2 0.13203125 0.546875 0.0671875 0.10625
0 0.10625 0.57109375 0.0515625 0.0765625
0 0.05625 0.59765625 0.046875 0.0578125
1 0.0171875 0.58671875 0.0296875 0.078125
0 0.2171875 0.5578125 0.034375 0.0453125
