2 0.86171875 0.6140625 0.0671875 0.1109375
2 0.92734375 0.640625 0.0734375 0.1203125
2 0.9859375 0.66015625 0.028125 0.1234375
2 0.58359375 0.609375 0.06875 0.11875
2 0.46171875 0.58984375 0.0640625 0.1046875
2 0.3625 0.6609375 0.0765625 0.1234375
2 0.125 0.653125 0.059375 0.1015625
2 0.05078125 0.6140625 0.0734375 0.1046875
2 0.0921875 0.61328125 0.0375 0.0921875
1 0.61953125 0.64453125 0.05 0.09375
0 0.528125 0.4140625 0.0625 0.1
0 0.1625 0.69609375 0.0484375 0.0828125
0 0.2046875 0.696875 0.040625 0.0734375
0 0.41015625 0.659375 0.0359375 0.053125
0 0.5703125 0.69609375 0.040625 0.0734375
0 0.509375 0.5375 0.04375 0.0734375
0 0.60390625 0.48203125 0.053125 0.0921875
0 0.9734375 0.68125 0.04375 0.0890625
0 0.05 0.665625 0.053125 0.0734375
