0 0.97421875 0.571875 0.0515625 0.103125
2 0.97265625 0.58203125 0.0546875 0.1421875
2 0.91796875 0.50625 0.1078125 0.1640625
0 0.8328125 0.5328125 0.0671875 0.0734375
2 0.853125 0.5578125 0.0453125 0.0640625
0 0.75390625 0.61171875 0.075 0.1359375
0 0.69765625 0.59765625 0.05 0.0890625
2 0.63515625 0.584375 0.0875 0.1390625
0 0.63671875 0.45 0.05 0.0875
0 0.58203125 0.4375 0.0625 0.1046875
0 0.5546875 0.52421875 0.0703125 0.128125
1 0.496875 0.51796875 0.071875 0.1296875
0 0.49140625 0.42109375 0.071875 0.0984375
0 0.4484375 0.49453125 0.0453125 0.0921875
0 0.4 0.434375 0.0703125 0.1265625
1 0.3328125 0.36484375 0.0625 0.121875
0 0.28359375 0.37734375 0.0640625 0.1
2 0.2453125 0.3671875 0.0890625 0.1515625
1 0.0390625 0.5671875 0.078125 0.128125
0 0.04921875 0.4796875 0.0734375 0.1171875
