0 0.02578125 0.57890625 0.0515625 0.1015625
2 0.02734375 0.58984375 0.0546875 0.1421875
2 0.0828125 0.5140625 0.1046875 0.1625
0 0.16796875 0.5390625 0.065625 0.0734375
2 0.14765625 0.5640625 0.0453125 0.0640625
0 0.24765625 0.615625 0.0734375 0.134375
0 0.3046875 0.6015625 0.0484375 0.0875
2 0.36640625 0.58671875 0.084375 0.1375
0 0.3625 0.45234375 0.0484375 0.0875
0 0.41640625 0.4390625 0.0609375 0.1046875
0 0.4453125 0.525 0.0671875 0.1265625
1 0.50390625 0.51796875 0.0703125 0.1296875
0 0.50703125 0.42109375 0.0703125 0.096875
0 0.5515625 0.49375 0.04375 0.090625
0 0.59921875 0.4328125 0.06875 0.125
1 0.66484375 0.3625 0.0609375 0.1203125
0 0.7140625 0.3734375 0.0625 0.0984375
2 0.75234375 0.36328125 0.0859375 0.15
1 0.9625 0.55859375 0.075 0.1265625
0 0.95078125 0.471875 0.071875 0.115625
