0 0.54453125 0.71875 0.0765625 0.14375
0 0.64140625 0.7078125 0.0734375 0.128125
0 0.80859375 0.85 0.071875 0.0984375
0 0.83125 0.78125 0.0640625 0.05625
0 0.75703125 0.496875 0.059375 0.1125
0 0.7140625 0.48203125 0.034375 0.0734375
0 0.821875 0.359375 0.078125 0.1203125
0 0.85625 0.4328125 0.0265625 0.059375
1 0.434375 0.36171875 0.0890625 0.1671875
1 0.58203125 0.43515625 0.090625 0.1671875
2 0.75390625 0.6734375 0.090625 0.128125
2 0.81796875 0.515625 0.115625 0.215625
2 0.9140625 0.41171875 0.1015625 0.1640625
2 0.9734375 0.43359375 0.0515625 0.1125
2 0.92578125 0.54765625 0.1171875 0.1109375
