0 0.49453125 0.7234375 0.090625 0.15
0 0.396875 0.72890625 0.0859375 0.134375
0 0.25703125 0.8984375 0.08125 0.10625
0 0.22265625 0.83515625 0.06875 0.0625
0 0.24609375 0.54140625 0.0703125 0.1171875
0 0.2859375 0.51953125 0.040625 0.075
0 0.15859375 0.4171875 0.0890625 0.1265625
0 0.1375 0.49609375 0.0328125 0.0609375
1 0.540625 0.35234375 0.10625 0.175
1 0.4078125 0.45078125 0.1078125 0.175
2 0.28046875 0.71484375 0.103125 0.1359375
2 0.18984375 0.5703125 0.1375 0.225
2 0.0765625 0.48515625 0.1171875 0.171875
2 0.0265625 0.51640625 0.053125 0.1171875
2 0.08828125 0.62109375 0.128125 0.1203125
