0 0.93203125 0.70703125 0.090625 0.1453125
2 0.771875 0.54609375 0.1390625 0.2484375
0 0.653125 0.55 0.103125 0.2078125
0 0.54453125 0.4 0.0984375 0.1875
2 0.471875 0.22890625 0.121875 0.2125
2 0.40625 0.28515625 0.11875 0.2171875
0 0.44453125 0.4328125 0.0890625 0.1625
0 0.41484375 0.484375 0.0578125 0.14375
0 0.36328125 0.53203125 0.075 0.15625
0 0.28828125 0.478125 0.0859375 0.1390625
0 0.20078125 0.3171875 0.121875 0.228125
1 0.29765625 0.38515625 0.1015625 0.125
2 0.08515625 0.29609375 0.1078125 0.1734375
0 0.034375 0.38828125 0.06875 0.1140625
1 0.51640625 0.35078125 0.090625 0.20625
