2 0.0078125 0.4609375 0.015625 0.075
1 0.0265625 0.40703125 0.05 0.075
1 0.22265625 0.4640625 0.059375 0.0734375
1 0.240625 0.4828125 0.05 0.06875
2 0.3640625 0.46484375 0.075 0.103125
1 0.38203125 0.61484375 0.0515625 0.075
0 0.4703125 0.4515625 0.05 0.071875
2 0.425 0.57890625 0.059375 0.0828125
1 0.49921875 0.56484375 0.065625 0.0921875
0 0.609375 0.39765625 0.0296875 0.0390625
0 0.571875 0.478125 0.0421875 0.0640625
0 0.5828125 0.4515625 0.040625 0.0453125
0 0.53828125 0.58671875 0.05 0.071875
0 0.50546875 0.62734375 0.0390625 0.05
0 0.559375 0.63984375 0.025 0.0359375
0 0.82265625 0.5234375 0.0515625 0.0890625
0 0.85 0.46640625 0.0265625 0.0421875
2 0.84296875 0.6015625 0.0578125 0.0953125
1 0.87421875 0.60703125 0.0609375 0.0828125
2 0.9125 0.68515625 0.0703125 0.0984375
1 0.9609375 0.6703125 0.040625 0.075
1 0.93359375 0.72890625 0.0640625 0.08125
0 0.721875 0.51171875 0.034375 0.046875
2 0.5203125 0.57265625 0.0265625 0.059375
