2 0.33046875 0.93125 0.1359375 0.1375
2 0.52265625 0.7875 0.115625 0.2109375
2 0.6703125 0.7234375 0.1046875 0.1875
2 0.79765625 0.628125 0.08125 0.1265625
1 0.4390625 0.77265625 0.1125 0.2046875
1 0.59140625 0.634375 0.0953125 0.1484375
1 0.80625 0.54296875 0.0578125 0.090625
1 0.884375 0.5546875 0.0578125 0.0984375
1 0.9296875 0.3890625 0.0671875 0.09375
0 0.51796875 0.8046875 0.0609375 0.0890625
0 0.6921875 0.5921875 0.0421875 0.05625
0 0.7546875 0.4828125 0.0515625 0.0859375
0 0.84453125 0.5328125 0.0515625 0.090625
0 0.92109375 0.646875 0.053125 0.090625
1 0.76484375 0.66484375 0.0796875 0.125
0 0.9859375 0.659375 0.028125 0.078125
2 0.83046875 0.6078125 0.0359375 0.0546875
0 0.87109375 0.51484375 0.040625 0.0546875
0 0.93046875 0.44609375 0.0484375 0.0453125
1 0.9796875 0.36875 0.0171875 0.05
