2 0.27578125 0.921875 0.1171875 0.15625
2 0.4875 0.78828125 0.0921875 0.2046875
2 0.64140625 0.7421875 0.084375 0.1796875
2 0.7796875 0.6640625 0.06875 0.1203125
1 0.40625 0.76328125 0.090625 0.196875
1 0.57421875 0.64453125 0.0796875 0.140625
1 0.79921875 0.5796875 0.0484375 0.0859375
1 0.87421875 0.60078125 0.0484375 0.09375
1 0.93984375 0.4421875 0.0578125 0.0890625
0 0.48046875 0.8046875 0.0515625 0.084375
0 0.6796875 0.61484375 0.0359375 0.053125
0 0.7546875 0.5140625 0.0421875 0.0828125
0 0.83828125 0.57421875 0.040625 0.0875
0 0.9 0.69765625 0.04375 0.0859375
1 0.74296875 0.69609375 0.065625 0.11875
0 0.9765625 0.71875 0.0453125 0.0734375
2 0.81484375 0.646875 0.03125 0.0515625
0 0.8671875 0.56015625 0.034375 0.0515625
0 0.934375 0.49921875 0.0453125 0.040625
1 0.9921875 0.428125 0.0125 0.0484375
