2 0.38828125 0.559375 0.1875 0.2421875
2 0.7265625 0.5890625 0.1265625 0.1515625
2 0.609375 0.521875 0.1390625 0.209375
2 0.89453125 0.5171875 0.0734375 0.10625
1 0.51796875 0.46796875 0.1359375 0.1921875
1 0.6921875 0.4453125 0.0796875 0.134375
1 0.8609375 0.53125 0.0796875 0.1
1 0.94140625 0.5453125 0.046875 0.075
1 0.975 0.4578125 0.0484375 0.0703125
0 0.95859375 0.6625 0.046875 0.071875
0 0.82109375 0.4109375 0.0578125 0.05625
0 0.828125 0.45859375 0.0515625 0.0546875
0 0.63671875 0.4859375 0.075 0.103125
1 0.86328125 0.5921875 0.090625 0.053125
0 0.97109375 0.503125 0.04375 0.03125
