2 0.8796875 0.28046875 0.0953125 0.165625
2 0.9234375 0.34296875 0.0875 0.146875
2 0.40625 0.196875 0.109375 0.184375
2 0.12421875 0.15078125 0.125 0.2453125
2 0.50078125 0.1703125 0.10625 0.1984375
1 0.22578125 0.1765625 0.0890625 0.18125
1 0.44140625 0.3546875 0.078125 0.1671875
1 0.59765625 0.34609375 0.0796875 0.115625
0 0.965625 0.25859375 0.0625 0.115625
0 0.5484375 0.23984375 0.075 0.1359375
0 0.609375 0.403125 0.05625 0.096875
0 0.28984375 0.16875 0.0609375 0.121875
0 0.37578125 0.3515625 0.0546875 0.1
