0 0.87109375 0.87109375 0.0734375 0.0859375
2 0.84140625 0.671875 0.0953125 0.15625
0 0.79296875 0.68125 0.075 0.109375
0 0.8 0.7984375 0.1015625 0.140625
0 0.746875 0.9203125 0.078125 0.096875
0 0.79296875 0.89296875 0.046875 0.0578125
0 0.63828125 0.86953125 0.078125 0.103125
0 0.65078125 0.7359375 0.0453125 0.08125
1 0.60390625 0.70546875 0.096875 0.159375
0 0.515625 0.71640625 0.078125 0.121875
2 0.465625 0.65703125 0.115625 0.18125
1 0.34140625 0.90546875 0.0875 0.1359375
2 0.265625 0.86484375 0.103125 0.159375
2 0.05859375 0.93515625 0.0796875 0.1296875
