0 0.06484375 0.20703125 0.0875 0.096875
2 0.13203125 0.39609375 0.121875 0.16875
0 0.178125 0.378125 0.09375 0.1203125
0 0.14921875 0.2640625 0.125 0.1546875
0 0.178125 0.134375 0.09375 0.109375
0 0.1375 0.1703125 0.05625 0.0640625
0 0.29375 0.16328125 0.0953125 0.1140625
0 0.30703125 0.296875 0.059375 0.0875
1 0.35859375 0.31796875 0.1234375 0.171875
0 0.44375 0.28984375 0.0984375 0.13125
2 0.503125 0.33984375 0.146875 0.196875
1 0.578125 0.071875 0.109375 0.14375
2 0.66015625 0.096875 0.1296875 0.1734375
2 0.846875 0.02890625 0.10625 0.0578125
