2 0.775 0.59765625 0.09375 0.13125
2 0.99453125 0.55546875 0.0109375 0.1046875
0 0.82109375 0.56015625 0.0625 0.08125
1 0.7078125 0.58359375 0.0609375 0.084375
1 0.5625 0.721875 0.1109375 0.1578125
2 0.2890625 0.82578125 0.0875 0.140625
2 0.14375 0.9203125 0.096875 0.15
1 0.08515625 0.9125 0.0578125 0.11875
1 0.17578125 0.85078125 0.078125 0.1046875
0 0.16796875 0.78671875 0.0578125 0.0609375
0 0.5015625 0.60546875 0.053125 0.0671875
0 0.5828125 0.63515625 0.0625 0.084375
1 0.4765625 0.69453125 0.071875 0.115625
