0 0.25078125 0.5875 0.059375 0.1
0 0.25546875 0.80234375 0.053125 0.1125
0 0.30234375 0.84765625 0.103125 0.19375
0 0.3921875 0.53046875 0.0859375 0.153125
0 0.059375 0.3828125 0.075 0.09375
0 0.0140625 0.3828125 0.028125 0.15
0 0.46875 0.4671875 0.0625 0.1109375
0 0.5328125 0.55625 0.121875 0.20625
0 0.58984375 0.28515625 0.0875 0.1484375
0 0.6734375 0.44375 0.1 0.1578125
0 0.640625 0.58515625 0.0671875 0.11875
2 0.378125 0.265625 0.10625 0.165625
2 0.29609375 0.26015625 0.1015625 0.184375
2 0.44140625 0.60234375 0.09375 0.125
1 0.04921875 0.4765625 0.096875 0.10625
1 0.9109375 0.44765625 0.125 0.178125
