1 0.6828125 0.58046875 0.140625 0.2046875
1 0.49375 0.48359375 0.1671875 0.215625
1 0.4140625 0.65 0.15625 0.215625
1 0.015625 0.5640625 0.03125 0.20625
0 0.0390625 0.7765625 0.078125 0.246875
0 0.04375 0.9046875 0.0875 0.08125
0 0.83984375 0.11875 0.0890625 0.1421875
0 0.6953125 0.1390625 0.1375 0.2125
0 0.675 0.08359375 0.0734375 0.1328125
0 0.62421875 0.078125 0.1015625 0.140625
0 0.44296875 0.0875 0.0921875 0.14375
0 0.50078125 0.06015625 0.1046875 0.1203125
0 0.55546875 0.0734375 0.0890625 0.1078125
0 0.57578125 0.02890625 0.078125 0.0546875
0 0.52890625 0.221875 0.1625 0.259375
