1 0.25546875 0.6984375 0.1234375 0.1765625
1 0.37734375 0.690625 0.096875 0.1640625
1 0.67578125 0.51015625 0.1140625 0.140625
1 0.684375 0.64296875 0.109375 0.1765625
0 0.36328125 0.32421875 0.065625 0.109375
0 0.390625 0.375 0.0484375 0.0703125
0 0.46015625 0.2515625 0.0796875 0.1375
0 0.43984375 0.30625 0.065625 0.1421875
0 0.60703125 0.41015625 0.1140625 0.184375
0 0.571875 0.59375 0.0734375 0.121875
0 0.609375 0.62109375 0.0890625 0.153125
0 0.4234375 0.82734375 0.096875 0.15
0 0.34453125 0.78046875 0.078125 0.115625
0 0.47734375 0.66796875 0.1203125 0.171875
