1 0.48671875 0.3921875 0.11875 0.1625
1 0.5734375 0.24453125 0.1078125 0.1453125
1 0.696875 0.3203125 0.071875 0.1203125
1 0.85078125 0.5921875 0.065625 0.0921875
1 0.5734375 0.3890625 0.071875 0.0984375
1 0.91953125 0.62578125 0.0484375 0.071875
2 0.753125 0.56875 0.0875 0.1296875
0 0.54375 0.56484375 0.096875 0.134375
0 0.9234375 0.37109375 0.0390625 0.053125
0 0.9359375 0.475 0.0453125 0.0625
0 0.9828125 0.50078125 0.0328125 0.046875
0 0.89140625 0.5765625 0.05625 0.0796875
0 0.81171875 0.61328125 0.05625 0.078125
0 0.8796875 0.4796875 0.0265625 0.0390625
0 0.84453125 0.3578125 0.0359375 0.0578125
0 0.86796875 0.32578125 0.0375 0.0515625
0 0.84140625 0.27109375 0.025 0.034375
0 0.94765625 0.3140625 0.025 0.0296875
0 0.93125 0.3359375 0.0265625 0.0328125
0 0.665625 0.5453125 0.059375 0.090625
0 0.6203125 0.52890625 0.0515625 0.090625
0 0.62734375 0.40390625 0.0671875 0.1125
0 0.55546875 0.45859375 0.0890625 0.10625
1 0.83671875 0.53046875 0.059375 0.0734375
0 0.80625 0.559375 0.03125 0.0453125
0 0.6234375 0.0625 0.071875 0.1078125
0 0.703125 0.3140625 0.04375 0.075
