2 0.5078125 0.3421875 0.1375 0.171875
2 0.38828125 0.40546875 0.1375 0.1734375
0 0.45546875 0.61875 0.071875 0.0828125
0 0.56328125 0.65546875 0.109375 0.140625
0 0.6484375 0.634375 0.0828125 0.1109375
0 0.91484375 0.6296875 0.0515625 0.0578125
0 0.78359375 0.71796875 0.0359375 0.0484375
0 0.5984375 0.9375 0.090625 0.1171875
0 0.6515625 0.9640625 0.084375 0.071875
0 0.61875 0.88203125 0.1125 0.1515625
0 0.76015625 0.9234375 0.0703125 0.0890625
0 0.9015625 0.66171875 0.0546875 0.0625
1 0.88046875 0.66640625 0.0640625 0.0828125
0 0.96015625 0.675 0.0359375 0.053125
0 0.94140625 0.69296875 0.05 0.059375
0 0.94296875 0.74296875 0.040625 0.04375
0 0.91953125 0.77578125 0.04375 0.0515625
0 0.89609375 0.73203125 0.0515625 0.0515625
1 0.87421875 0.7765625 0.053125 0.059375
0 0.86640625 0.921875 0.04375 0.0578125
0 0.89375 0.8625 0.0390625 0.0453125
0 0.909375 0.8125 0.04375 0.0421875
0 0.859375 0.7359375 0.0546875 0.0703125
1 0.91640625 0.74921875 0.046875 0.0625
