2 0.4921875 0.6578125 0.1375 0.171875
2 0.61171875 0.59453125 0.1375 0.1734375
0 0.54453125 0.38125 0.071875 0.0828125
0 0.43671875 0.34453125 0.109375 0.140625
0 0.3515625 0.365625 0.0828125 0.1109375
0 0.08515625 0.3703125 0.0515625 0.0578125
0 0.21640625 0.28203125 0.0359375 0.0484375
0 0.4015625 0.0625 0.090625 0.1171875
0 0.3484375 0.03515625 0.084375 0.0703125
0 0.38125 0.11796875 0.1125 0.1515625
0 0.23984375 0.0765625 0.0703125 0.0890625
0 0.0984375 0.33828125 0.0546875 0.0625
1 0.11953125 0.33359375 0.0640625 0.0828125
0 0.03984375 0.325 0.0359375 0.053125
0 0.05859375 0.30703125 0.05 0.059375
0 0.05703125 0.25703125 0.040625 0.04375
0 0.08046875 0.22421875 0.04375 0.0515625
0 0.10390625 0.26796875 0.0515625 0.0515625
1 0.12578125 0.2234375 0.053125 0.059375
0 0.13359375 0.078125 0.04375 0.0578125
0 0.10625 0.1375 0.0390625 0.0453125
0 0.090625 0.1875 0.04375 0.0421875
0 0.140625 0.2640625 0.0546875 0.0703125
1 0.08359375 0.25078125 0.046875 0.0625
