1 0.0703125 0.73125 0.096875 0.1484375
1 0.065625 0.5875 0.115625 0.153125
0 0.10078125 0.9828125 0.0515625 0.034375
0 0.23671875 0.91875 0.0328125 0.04375
0 0.3390625 0.97890625 0.046875 0.0421875
0 0.3 0.89140625 0.0640625 0.0890625
0 0.35078125 0.915625 0.040625 0.0578125
0 0.4109375 0.94296875 0.08125 0.1140625
0 0.11328125 0.5171875 0.0859375 0.1203125
0 0.32734375 0.6046875 0.0859375 0.1171875
0 0.45078125 0.78984375 0.08125 0.1078125
0 0.56796875 0.34375 0.115625 0.15625
0 0.47109375 0.28984375 0.10625 0.134375
1 0.51171875 0.55625 0.1109375 0.1515625
1 0.31484375 0.4859375 0.1046875 0.1421875
1 0.35546875 0.66875 0.1125 0.146875
1 0.49140625 0.6921875 0.1296875 0.1703125
1 0.5265625 0.403125 0.134375 0.1984375
