1 0.0328125 0.5875 0.065625 0.146875
1 0.06015625 0.44921875 0.1109375 0.1515625
0 0.1203125 0.81640625 0.03125 0.04375
0 0.19453125 0.91953125 0.0453125 0.0671875
0 0.1890625 0.81015625 0.0609375 0.0890625
0 0.22890625 0.84921875 0.0390625 0.0578125
0 0.27734375 0.8984375 0.0765625 0.121875
0 0.12734375 0.396875 0.0828125 0.11875
0 0.303125 0.546875 0.0828125 0.1140625
0 0.3640625 0.76015625 0.078125 0.10625
0 0.6125 0.371875 0.1109375 0.153125
0 0.5375 0.29140625 0.1015625 0.13125
1 0.49375 0.55703125 0.10625 0.15
1 0.328125 0.4296875 0.1 0.1390625
1 0.31015625 0.61640625 0.1078125 0.14375
1 0.4328125 0.6796875 0.125 0.1671875
1 0.55546875 0.41640625 0.128125 0.196875
