2 0.26640625 0.25625 0.1953125 0.253125
2 0.2296875 0.41328125 0.1859375 0.1890625
2 0.52578125 0.6015625 0.1484375 0.190625
2 0.546875 0.49453125 0.1203125 0.1375
2 0.5796875 0.75390625 0.1421875 0.2046875
2 0.65703125 0.64921875 0.1140625 0.1265625
2 0.7 0.4453125 0.0765625 0.1390625
1 0.95234375 0.65703125 0.0734375 0.0890625
1 0.36171875 0.35859375 0.140625 0.2015625
1 0.63203125 0.5703125 0.128125 0.1890625
1 0.83125 0.46171875 0.084375 0.1234375
0 0.7515625 0.61640625 0.103125 0.1015625
0 0.74765625 0.54296875 0.0890625 0.134375
0 0.76875 0.4734375 0.078125 0.13125
0 0.72734375 0.396875 0.053125 0.0609375
1 0.7921875 0.56171875 0.0265625 0.0640625
