0 0.04453125 0.46484375 0.0890625 0.1828125
0 0.0609375 0.0796875 0.11875 0.115625
0 0.240625 0.55703125 0.1171875 0.1328125
1 0.27578125 0.54375 0.1953125 0.196875
0 0.36015625 0.42890625 0.16875 0.1796875
0 0.540625 0.2984375 0.10625 0.103125
0 0.5125 0.36875 0.146875 0.1515625
0 0.70390625 0.1609375 0.053125 0.0546875
0 0.7609375 0.75625 0.0984375 0.1203125
0 0.68515625 0.671875 0.125 0.1359375
0 0.665625 0.62578125 0.1453125 0.15
0 0.77109375 0.53671875 0.1125 0.10625
0 0.71640625 0.44453125 0.1109375 0.1265625
1 0.8453125 0.48984375 0.1359375 0.1390625
1 0.9765625 0.434375 0.046875 0.09375
0 0.828125 0.34921875 0.1296875 0.1609375
0 0.903125 0.30078125 0.0875 0.1078125
0 0.9546875 0.21953125 0.0828125 0.0859375
