2 0.440625 0.4265625 0.1328125 0.203125
2 0.2921875 0.375 0.096875 0.1015625
2 0.31328125 0.4515625 0.0796875 0.09375
1 0.03515625 0.5375 0.0703125 0.090625
0 0.0875 0.49375 0.0671875 0.1078125
1 0.1328125 0.50703125 0.09375 0.128125
1 0.3734375 0.6125 0.0984375 0.1578125
1 0.93984375 0.63671875 0.1125 0.2125
1 0.09296875 0.2578125 0.090625 0.1234375
2 0.0109375 0.465625 0.021875 0.084375
0 0.01484375 0.34609375 0.0296875 0.0765625
0 0.0046875 0.39453125 0.009375 0.0578125
0 0.0953125 0.196875 0.06875 0.0875
0 0.19140625 0.22578125 0.065625 0.0953125
0 0.20625 0.1859375 0.0421875 0.05625
0 0.18046875 0.1125 0.090625 0.146875
0 0.4875 0.6 0.0984375 0.1515625
0 0.96796875 0.62265625 0.0640625 0.1921875
