0 0.6828125 0.09765625 0.059375 0.1
0 0.62578125 0.0234375 0.0609375 0.046875
0 0.575 0.084375 0.10625 0.16875
0 0.45546875 0.06328125 0.0984375 0.1265625
0 0.55703125 0.20390625 0.0734375 0.1171875
1 0.6328125 0.3578125 0.1484375 0.221875
0 0.59765625 0.4890625 0.103125 0.15625
1 0.52578125 0.4578125 0.08125 0.18125
0 0.490625 0.4609375 0.1171875 0.1953125
1 0.43046875 0.36015625 0.153125 0.2453125
0 0.1515625 0.64453125 0.0671875 0.0859375
0 0.06328125 0.7296875 0.0984375 0.15625
0 0.0328125 0.4828125 0.065625 0.19375
