0 0.76875 0.85078125 0.0609375 0.1
0 0.73203125 0.9453125 0.0625 0.065625
0 0.66875 0.89453125 0.109375 0.184375
0 0.55625 0.93515625 0.1 0.1296875
0 0.621875 0.77578125 0.075 0.1171875
1 0.6609375 0.60859375 0.1515625 0.2234375
0 0.59765625 0.4890625 0.1046875 0.1578125
1 0.534375 0.53515625 0.0828125 0.1828125
0 0.49921875 0.53984375 0.1203125 0.196875
1 0.46328125 0.6515625 0.1578125 0.2484375
0 0.128125 0.4375 0.0671875 0.0859375
0 0.0359375 0.3734375 0.071875 0.15625
0 0.0421875 0.6234375 0.0828125 0.1953125
