1 0.91015625 0.67421875 0.0953125 0.1359375
0 0.75546875 0.590625 0.059375 0.1015625
0 0.74453125 0.71015625 0.0390625 0.0578125
2 0.8296875 0.5265625 0.0859375 0.159375
2 0.44453125 0.5046875 0.06875 0.115625
1 0.47109375 0.578125 0.0640625 0.1078125
1 0.36640625 0.40859375 0.05 0.084375
2 0.40078125 0.40703125 0.0390625 0.0921875
0 0.3796875 0.52578125 0.03125 0.046875
1 0.2609375 0.5140625 0.0578125 0.0984375
1 0.20625 0.4921875 0.0578125 0.090625
2 0.2046875 0.421875 0.059375 0.06875
2 0.10234375 0.3953125 0.0671875 0.1203125
0 0.06953125 0.40859375 0.03125 0.0671875
0 0.03671875 0.384375 0.028125 0.046875
