1 0.3046875 0.4203125 0.1015625 0.1390625
0 0.9640625 0.60625 0.065625 0.1703125
0 0.75546875 0.7421875 0.1125 0.175
0 0.50703125 0.6578125 0.096875 0.1578125
0 0.45625 0.63203125 0.0796875 0.140625
0 0.334375 0.759375 0.0875 0.1140625
0 0.37265625 0.5734375 0.1140625 0.1203125
1 0.44921875 0.47265625 0.109375 0.1578125
0 0.11015625 0.16484375 0.075 0.090625
0 0.01796875 0.70390625 0.0359375 0.1078125
0 0.03046875 0.4546875 0.0609375 0.11875
0 0.05234375 0.2453125 0.065625 0.0953125
1 0.0578125 0.16171875 0.0671875 0.0953125
