0 0.90078125 0.61640625 0.1640625 0.1609375
0 0.7578125 0.78125 0.1109375 0.140625
0 0.79140625 0.7640625 0.134375 0.1921875
1 0.86171875 0.7875 0.1328125 0.1953125
1 0.95234375 0.80078125 0.0953125 0.1609375
0 0.978125 0.85078125 0.04375 0.1828125
1 0.39765625 0.43828125 0.10625 0.16875
0 0.334375 0.44453125 0.084375 0.146875
0 0.3703125 0.56640625 0.0625 0.1046875
0 0.30625 0.68671875 0.071875 0.109375
0 0.3203125 0.6015625 0.0625 0.0953125
0 0.28515625 0.5828125 0.0921875 0.1359375
0 0.2515625 0.4796875 0.06875 0.084375
0 0.19453125 0.49765625 0.04375 0.103125
0 0.2359375 0.64296875 0.040625 0.0625
0 0.22578125 0.6796875 0.0546875 0.0765625
0 0.17265625 0.7296875 0.0390625 0.053125
0 0.159375 0.49765625 0.0625 0.08125
0 0.1546875 0.54296875 0.0359375 0.053125
1 0.0515625 0.56328125 0.0921875 0.115625
0 0.0796875 0.60390625 0.06875 0.084375
0 0.0984375 0.14140625 0.0609375 0.0734375
0 0.0953125 0.184375 0.0484375 0.0515625
