1 0.42734375 0.346875 0.1296875 0.24453125
1 0.7 0.503125 0.09140625 0.14375
0 0.35234375 0.05234375 0.059375 0.096875
0 0.10625 0.26171875 0.0390625 0.06015625
0 0.4875 0.590625 0.07734375 0.13671875
0 0.55 0.478125 0.1046875 0.1859375
0 0.5421875 0.596875 0.04765625 0.08671875
0 0.6328125 0.60546875 0.03359375 0.06015625
0 0.6921875 0.39765625 0.07890625 0.0859375
0 0.77734375 0.45703125 0.05859375 0.103125
0 0.8421875 0.4109375 0.04140625 0.053125
0 0.89140625 0.31875 0.05 0.08828125
0 0.459375 0.5484375 0.0390625 0.05625
0 0.7859375 0.4015625 0.05703125 0.0515625
