0 0.25859375 0.60390625 0.15 0.190625
0 0.37734375 0.565625 0.109375 0.14375
0 0.43515625 0.61171875 0.1109375 0.15625
0 0.43984375 0.41875 0.0921875 0.115625
0 0.38515625 0.3375 0.1015625 0.1546875
0 0.60859375 0.23125 0.0671875 0.0875
0 0.61796875 0.13359375 0.06875 0.0796875
0 0.7765625 0.4140625 0.1140625 0.1421875
0 0.62109375 0.41484375 0.0640625 0.075
0 0.56640625 0.50625 0.1046875 0.159375
0 0.80546875 0.29765625 0.1046875 0.1265625
1 0.4578125 0.484375 0.1671875 0.21875
2 0.05078125 0.5453125 0.1015625 0.1375
