0 0.0265625 0.5546875 0.053125 0.06875
0 0.14296875 0.5125 0.075 0.084375
0 0.1484375 0.5859375 0.103125 0.121875
0 0.23359375 0.5546875 0.115625 0.14375
0 0.2171875 0.64453125 0.115625 0.1109375
1 0.25703125 0.69609375 0.1140625 0.1359375
0 0.31015625 0.425 0.0703125 0.078125
1 0.3796875 0.54765625 0.1296875 0.1296875
0 0.38515625 0.62890625 0.134375 0.121875
0 0.53671875 0.590625 0.1328125 0.1546875
0 0.5765625 0.47109375 0.0609375 0.0578125
0 0.63828125 0.53203125 0.121875 0.128125
0 0.61796875 0.68046875 0.10625 0.140625
1 0.75625 0.53046875 0.1625 0.1578125
0 0.7265625 0.63203125 0.078125 0.08125
0 0.91484375 0.59765625 0.0890625 0.090625
0 0.82734375 0.63203125 0.05 0.059375
0 0.88828125 0.69375 0.1265625 0.1109375
0 0.94453125 0.71640625 0.06875 0.1
1 0.90078125 0.89765625 0.109375 0.140625
0 0.97578125 0.58671875 0.040625 0.059375
0 0.7921875 0.97734375 0.0625 0.0453125
