0 0.0421875 0.3546875 0.05625 0.065625
0 0.15234375 0.4203125 0.06875 0.0796875
0 0.171875 0.3484375 0.09375 0.1140625
0 0.24921875 0.3953125 0.1046875 0.1359375
0 0.25 0.30390625 0.1078125 0.1015625
1 0.29921875 0.2609375 0.1046875 0.128125
0 0.29921875 0.5375 0.065625 0.0734375
1 0.390625 0.43046875 0.1203125 0.1203125
0 0.41171875 0.3515625 0.1265625 0.1125
0 0.55390625 0.41796875 0.121875 0.146875
0 0.56953125 0.54296875 0.0578125 0.053125
0 0.6421875 0.49453125 0.1140625 0.1203125
0 0.65078125 0.3453125 0.0953125 0.134375
1 0.75703125 0.51875 0.153125 0.1453125
0 0.74765625 0.41328125 0.071875 0.075
0 0.92578125 0.4828125 0.0828125 0.084375
0 0.84609375 0.4328125 0.046875 0.0546875
0 0.91796875 0.384375 0.1203125 0.1015625
0 0.9734375 0.37265625 0.053125 0.0953125
1 0.96015625 0.1859375 0.0796875 0.134375
0 0.9828125 0.5046875 0.034375 0.05625
0 0.8796875 0.08046875 0.0578125 0.0546875
