0 0.53359375 0.41640625 0.1765625 0.2
0 0.50546875 0.53046875 0.0921875 0.0984375
0 0.446875 0.440625 0.1390625 0.1625
1 0.3421875 0.3875 0.21875 0.240625
0 0.303125 0.3765625 0.1078125 0.125
0 0.29609375 0.546875 0.0859375 0.1
0 0.14296875 0.47890625 0.0515625 0.0609375
0 0.0640625 0.5859375 0.0546875 0.0625
0 0.09375 0.56484375 0.0515625 0.0625
0 0.078125 0.5078125 0.1015625 0.0953125
0 0.06328125 0.4203125 0.1015625 0.1046875
0 0.04375 0.4953125 0.0875 0.15625
1 0.02421875 0.3578125 0.0484375 0.15
