0 0.4484375 0.5734375 0.1421875 0.1734375
0 0.5015625 0.46953125 0.075 0.084375
0 0.5390625 0.56953125 0.1109375 0.1421875
1 0.628125 0.6453125 0.178125 0.20625
0 0.6640625 0.6640625 0.0875 0.1078125
0 0.709375 0.5 0.0671875 0.0875
0 0.84296875 0.60078125 0.0421875 0.053125
0 0.94375 0.5140625 0.04375 0.0546875
0 0.9109375 0.528125 0.040625 0.0546875
0 0.9125 0.5875 0.0859375 0.078125
0 0.9078125 0.67578125 0.084375 0.0890625
0 0.95703125 0.609375 0.0859375 0.140625
1 0.96015625 0.7515625 0.0796875 0.134375
