1 0.7640625 0.54609375 0.1890625 0.2328125
1 0.48046875 0.69609375 0.1140625 0.146875
1 0.45 0.63515625 0.0953125 0.125
0 0.14765625 0.70859375 0.0921875 0.11875
0 0.64296875 0.6 0.134375 0.1609375
0 0.671875 0.47109375 0.075 0.0953125
0 0.50390625 0.6046875 0.0734375 0.0734375
0 0.39609375 0.625 0.05625 0.065625
0 0.23828125 0.66796875 0.0859375 0.1078125
0 0.08359375 0.925 0.0671875 0.0859375
0 0.30078125 0.7109375 0.0796875 0.0953125
0 0.328125 0.76015625 0.0421875 0.0546875
0 0.278125 0.7125 0.0359375 0.0453125
