1 0.58046875 0.67734375 0.16875 0.2453125
1 0.2125 0.56171875 0.1671875 0.225
1 0.37578125 0.82109375 0.1359375 0.165625
0 0.090625 0.8625 0.0859375 0.165625
0 0.2125 0.846875 0.08125 0.0984375
0 0.4859375 0.96015625 0.1 0.0796875
0 0.48671875 0.89453125 0.0671875 0.09375
0 0.37578125 0.6515625 0.11875 0.159375
0 0.3125 0.68984375 0.075 0.0921875
0 0.3703125 0.4828125 0.1515625 0.1921875
0 0.4484375 0.55 0.1546875 0.2046875
0 0.4703125 0.690625 0.1265625 0.1703125
0 0.225 0.4625 0.1046875 0.1390625
1 0.28125 0.56484375 0.06875 0.153125
1 0.94140625 0.88984375 0.1171875 0.0828125
0 0.1890625 0.70390625 0.075 0.08125
