1 0.3296875 0.465625 0.1765625 0.1921875
1 0.834375 0.1546875 0.1671875 0.209375
1 0.8703125 0.61015625 0.0796875 0.1171875
0 0.946875 0.13125 0.1046875 0.1765625
0 0.91328125 0.265625 0.0921875 0.1515625
0 0.79765625 0.32578125 0.1453125 0.146875
0 0.64609375 0.4171875 0.08125 0.090625
0 0.4296875 0.51328125 0.121875 0.1328125
0 0.37890625 0.6671875 0.1453125 0.1703125
0 0.61875 0.69609375 0.18125 0.2578125
0 0.71953125 0.85625 0.1609375 0.2234375
0 0.95390625 0.79375 0.0609375 0.096875
0 0.93515625 0.615625 0.1265625 0.15625
0 0.82265625 0.7828125 0.0765625 0.115625
0 0.65078125 0.89921875 0.09375 0.0875
0 0.96875 0.70390625 0.0515625 0.1046875
