1 0.3296875 0.46875 0.1734375 0.1890625
1 0.828125 0.1484375 0.1640625 0.20625
1 0.87265625 0.603125 0.078125 0.115625
0 0.940625 0.1234375 0.1015625 0.175
0 0.90859375 0.25859375 0.090625 0.15
0 0.79453125 0.32109375 0.1421875 0.1453125
0 0.64453125 0.41484375 0.0796875 0.0890625
0 0.43046875 0.5140625 0.1203125 0.1296875
0 0.38203125 0.66875 0.1421875 0.16875
0 0.62265625 0.69453125 0.1765625 0.2546875
0 0.72578125 0.85234375 0.1578125 0.2203125
0 0.959375 0.78515625 0.059375 0.0953125
0 0.9375 0.6078125 0.1234375 0.1546875
0 0.82734375 0.7765625 0.075 0.1140625
0 0.6578125 0.896875 0.0921875 0.0875
0 0.97265625 0.69609375 0.05 0.1046875
