0 0.8953125 0.49375 0.0828125 0.1125
0 0.85390625 0.478125 0.084375 0.14375
0 0.73984375 0.41328125 0.04375 0.0640625
0 0.7484375 0.6171875 0.0953125 0.1515625
0 0.70625 0.48828125 0.0625 0.09375
1 0.6953125 0.378125 0.0875 0.1265625
0 0.6125 0.3625 0.109375 0.1515625
1 0.5828125 0.43828125 0.134375 0.2078125
1 0.53203125 0.47890625 0.1265625 0.1875
0 0.49375 0.34375 0.103125 0.1375
0 0.4703125 0.4375 0.0890625 0.1203125
0 0.49375 0.51640625 0.0734375 0.1046875
0 0.4328125 0.784375 0.1109375 0.1578125
0 0.2703125 0.9203125 0.15625 0.159375
