2 0.3078125 0.33125 0.1546875 0.240625
2 0.2109375 0.41015625 0.1515625 0.2375
2 0.50546875 0.43125 0.125 0.2171875
1 0.45625 0.63203125 0.11875 0.1234375
2 0.959375 0.42890625 0.08125 0.1390625
0 0.96484375 0.60625 0.0703125 0.15
0 0.74609375 0.45234375 0.128125 0.1890625
0 0.78828125 0.23125 0.0828125 0.125
0 0.60078125 0.44921875 0.103125 0.15
0 0.23125 0.6421875 0.11875 0.1953125
0 0.1953125 0.90546875 0.125 0.1890625
0 0.38671875 0.67890625 0.065625 0.0953125
1 0.43984375 0.528125 0.1 0.171875
0 0.575 0.35625 0.0875 0.153125
0 0.96953125 0.32421875 0.0390625 0.11875
0 0.9640625 0.5046875 0.071875 0.10625
