2 0.3109375 0.328125 0.15 0.2390625
2 0.2125 0.40546875 0.1484375 0.2359375
2 0.50703125 0.43203125 0.121875 0.215625
1 0.45390625 0.63125 0.1171875 0.121875
2 0.9609375 0.4375 0.078125 0.1375
0 0.96484375 0.6140625 0.0703125 0.15
0 0.746875 0.45703125 0.125 0.1890625
0 0.79296875 0.23671875 0.08125 0.125
0 0.6015625 0.45078125 0.1015625 0.1484375
0 0.22890625 0.6375 0.115625 0.19375
0 0.1875 0.903125 0.121875 0.19375
0 0.38359375 0.67734375 0.0640625 0.0953125
1 0.4390625 0.5265625 0.096875 0.1703125
0 0.57734375 0.3578125 0.084375 0.1515625
0 0.97265625 0.3328125 0.0359375 0.11875
0 0.9640625 0.51171875 0.071875 0.1046875
