0 0.08671875 0.14609375 0.115625 0.1921875
0 0.12890625 0.18046875 0.10625 0.2078125
0 0.04296875 0.32265625 0.0796875 0.1625
0 0.04375 0.11796875 0.06875 0.2359375
0 0.06796875 0.56171875 0.0890625 0.1546875
0 0.0296875 0.7609375 0.059375 0.115625
0 0.1890625 0.3921875 0.18125 0.29375
0 0.29921875 0.29296875 0.1265625 0.2375
2 0.44296875 0.296875 0.2234375 0.4546875
0 0.34140625 0.69921875 0.1109375 0.209375
0 0.446875 0.55390625 0.1015625 0.1203125
1 0.6109375 0.478125 0.15625 0.2875
1 0.871875 0.25234375 0.175 0.28125
0 0.91328125 0.54296875 0.15625 0.221875
