0 0.72578125 0.48984375 0.0546875 0.0921875
1 0.6421875 0.44765625 0.0703125 0.1265625
1 0.50625 0.43203125 0.0609375 0.0875
2 0.48359375 0.49921875 0.0578125 0.09375
0 0.50078125 0.559375 0.0390625 0.0609375
0 0.31875 0.2703125 0.0453125 0.08125
0 0.49296875 0.375 0.0359375 0.05625
2 0.52734375 0.40234375 0.0484375 0.0625
2 0.359375 0.26171875 0.0796875 0.103125
2 0.26875 0.27578125 0.0453125 0.078125
2 0.16875 0.10234375 0.0640625 0.084375
2 0.06171875 0.14453125 0.0421875 0.071875
0 0.1296875 0.09765625 0.0421875 0.0609375
2 0.04296875 0.24921875 0.03125 0.05625
2 0.06328125 0.25703125 0.0390625 0.0609375
2 0.09921875 0.2875 0.046875 0.06875
2 0.0890625 0.24765625 0.0609375 0.0859375
