0 0.725 0.478125 0.0515625 0.090625
1 0.6390625 0.43984375 0.0640625 0.1234375
1 0.503125 0.43203125 0.0578125 0.084375
2 0.48359375 0.5 0.053125 0.0921875
0 0.50390625 0.559375 0.0359375 0.0609375
0 0.30703125 0.2796875 0.0421875 0.0796875
0 0.48671875 0.37578125 0.0328125 0.0546875
2 0.521875 0.40078125 0.0453125 0.0609375
2 0.346875 0.26953125 0.075 0.1
2 0.25703125 0.28828125 0.0421875 0.0765625
2 0.1484375 0.1203125 0.0609375 0.08125
2 0.04375 0.16796875 0.0390625 0.071875
0 0.109375 0.11796875 0.0390625 0.059375
2 0.03046875 0.27421875 0.028125 0.0546875
2 0.05078125 0.28046875 0.0359375 0.0609375
2 0.08828125 0.30859375 0.04375 0.0671875
2 0.0765625 0.26953125 0.05625 0.084375
