2 0.59453125 0.42890625 0.040625 0.0578125
2 0.4421875 0.45234375 0.03125 0.0484375
2 0.55859375 0.6 0.0578125 0.0875
2 0.46640625 0.4484375 0.028125 0.04375
2 0.40546875 0.49140625 0.0296875 0.0421875
2 0.39296875 0.56015625 0.03125 0.0453125
0 0.48359375 0.55078125 0.04375 0.071875
0 0.43359375 0.7390625 0.034375 0.040625
1 0.7984375 0.8875 0.0953125 0.1390625
2 0.49609375 0.5578125 0.059375 0.10625
1 0.4421875 0.55859375 0.0203125 0.0265625
0 0.45859375 0.49609375 0.0203125 0.0296875
0 0.40546875 0.76171875 0.0203125 0.028125
2 0.36796875 0.503125 0.0203125 0.028125
