0 0.309375 0.50859375 0.05625 0.090625
0 0.39140625 0.403125 0.0796875 0.1296875
1 0.59453125 0.4546875 0.1265625 0.2078125
0 0.6765625 0.46171875 0.06875 0.10625
0 0.50390625 0.46015625 0.1078125 0.1765625
1 0.36171875 0.5671875 0.121875 0.1953125
1 0.46875 0.5828125 0.1359375 0.19375
1 0.93828125 0.51484375 0.1234375 0.2109375
1 0.84375 0.40703125 0.184375 0.2515625
0 0.0640625 0.73125 0.0921875 0.1328125
0 0.575 0.471875 0.0625 0.1
0 0.115625 0.9125 0.11875 0.175
0 0.07734375 0.95390625 0.0609375 0.0921875
