2 0.284375 0.425 0.115625 0.171875
2 0.42265625 0.31953125 0.1046875 0.15
0 0.64765625 0.82890625 0.134375 0.215625
0 0.75703125 0.7640625 0.0921875 0.1109375
2 0.69921875 0.66796875 0.14375 0.1984375
0 0.18515625 0.2453125 0.09375 0.11875
2 0.64609375 0.36484375 0.1125 0.14375
2 0.98671875 0.3765625 0.0265625 0.090625
2 0.68203125 0.53828125 0.05625 0.0609375
2 0.75390625 0.4796875 0.071875 0.078125
1 0.4125 0.48515625 0.071875 0.0953125
2 0.2625 0.66796875 0.0671875 0.0921875
0 0.57734375 0.3484375 0.0640625 0.084375
0 0.55546875 0.52109375 0.065625 0.0828125
