1 0.5234375 0.48671875 0.13125 0.1953125
0 0.409375 0.4703125 0.1046875 0.14375
2 0.4828125 0.6734375 0.1359375 0.2125
2 0.41171875 0.7078125 0.103125 0.221875
2 0.26328125 0.6796875 0.04375 0.071875
2 0.23125 0.70546875 0.0375 0.05625
2 0.1296875 0.775 0.034375 0.046875
2 0.209375 0.69765625 0.0296875 0.0484375
1 0.20859375 0.734375 0.0140625 0.0234375
2 0.26171875 0.75546875 0.0171875 0.03125
1 0.225 0.78125 0.01875 0.0234375
2 0.240625 0.81875 0.01875 0.0265625
2 0.17265625 0.82265625 0.025 0.0375
2 0.3328125 0.7578125 0.021875 0.0328125
1 0.28515625 0.83828125 0.01875 0.028125
0 0.12734375 0.83359375 0.0328125 0.0453125
1 0.31953125 0.75078125 0.01875 0.0296875
0 0.3765625 0.79765625 0.0140625 0.01875
