1 0.26875 0.425 0.084375 0.128125
1 0.1 0.4953125 0.0109375 0.015625
1 0.07890625 0.48359375 0.009375 0.009375
2 0.08359375 0.47265625 0.021875 0.0296875
1 0.1140625 0.4859375 0.0109375 0.015625
1 0.19375 0.46015625 0.015625 0.015625
2 0.209375 0.4609375 0.01875 0.028125
1 0.04375 0.77109375 0.040625 0.10625
1 0.08125 0.49609375 0.0078125 0.0125
2 0.20078125 0.47109375 0.0109375 0.015625
2 0.15703125 0.48671875 0.015625 0.021875
2 0.175 0.45859375 0.009375 0.015625
2 0.178125 0.44453125 0.009375 0.015625
2 0.33359375 0.31640625 0.0875 0.140625
2 0.54609375 0.4953125 0.0984375 0.16875
1 0.040625 0.66640625 0.0625 0.1296875
2 0.44921875 0.48828125 0.121875 0.19375
1 0.78046875 0.3453125 0.084375 0.1140625
2 0.89765625 0.42265625 0.0375 0.05625
2 0.92578125 0.4078125 0.0296875 0.046875
2 0.359375 0.4265625 0.01875 0.028125
2 0.6234375 0.48671875 0.0265625 0.0421875
1 0.75 0.43671875 0.021875 0.0328125
1 0.76171875 0.45546875 0.0203125 0.03125
0 0.7703125 0.42421875 0.0171875 0.025
2 0.784375 0.43125 0.0171875 0.0265625
1 0.825 0.41171875 0.015625 0.0234375
2 0.878125 0.36796875 0.021875 0.0328125
2 0.97265625 0.41875 0.01875 0.0265625
