0 0.9484375 0.3015625 0.103125 0.196875
2 0.790625 0.634375 0.1609375 0.2515625
2 0.43046875 0.590625 0.1515625 0.259375
2 0.6515625 0.56640625 0.1203125 0.2203125
2 0.5234375 0.9078125 0.1625 0.184375
0 0.87578125 0.42734375 0.0921875 0.11875
2 0.153125 0.59140625 0.0359375 0.05625
2 0.5046875 0.425 0.0296875 0.0625
1 0.9671875 0.5921875 0.028125 0.0375
1 0.21640625 0.584375 0.025 0.04375
1 0.52578125 0.43515625 0.028125 0.0578125
1 0.72890625 0.54921875 0.0234375 0.040625
1 0.8046875 0.4734375 0.0234375 0.0390625
