2 0.1046875 0.3140625 0.134375 0.221875
2 0.16015625 0.62109375 0.0890625 0.13125
0 0.41015625 0.3484375 0.071875 0.1140625
0 0.4578125 0.35703125 0.0484375 0.0875
2 0.49765625 0.34296875 0.04375 0.084375
1 0.5171875 0.41015625 0.0453125 0.0859375
0 0.5546875 0.29140625 0.0359375 0.0578125
1 0.584375 0.53046875 0.04375 0.075
2 0.58203125 0.678125 0.0484375 0.084375
1 0.5859375 0.1328125 0.05625 0.0875
0 0.73359375 0.38359375 0.04375 0.0703125
0 0.71953125 0.5015625 0.046875 0.0578125
0 0.69140625 0.63046875 0.0328125 0.05625
0 0.471875 0.47265625 0.0921875 0.1453125
