2 0.428125 0.7078125 0.1375 0.225
2 0.51796875 0.678125 0.103125 0.1734375
2 0.434375 0.384375 0.08125 0.13125
1 0.4859375 0.33046875 0.0625 0.10625
0 0.64453125 0.6 0.0875 0.1390625
2 0.6453125 0.421875 0.0734375 0.11875
2 0.70625 0.48828125 0.0609375 0.0953125
2 0.67890625 0.44609375 0.0453125 0.0921875
2 0.84140625 0.49140625 0.0671875 0.10625
0 0.91328125 0.66953125 0.059375 0.0734375
0 0.76171875 0.63828125 0.0546875 0.0703125
2 0.80625 0.5203125 0.040625 0.0625
0 0.971875 0.703125 0.05625 0.078125
2 0.77265625 0.51015625 0.028125 0.059375
1 0.7609375 0.5140625 0.0359375 0.05
