1 0.49921875 0.4890625 0.121875 0.2
2 0.334375 0.6515625 0.05 0.0828125
1 0.43671875 0.76015625 0.0546875 0.084375
2 0.2578125 0.61171875 0.04375 0.0703125
2 0.5015625 0.7015625 0.0875 0.1484375
2 0.96640625 0.89453125 0.0671875 0.1734375
2 0.8046875 0.18359375 0.1515625 0.228125
2 0.20546875 0.44140625 0.028125 0.0515625
2 0.24140625 0.30703125 0.04375 0.0796875
2 0.31328125 0.3640625 0.0484375 0.1
2 0.45625 0.63671875 0.059375 0.103125
0 0.22109375 0.39375 0.040625 0.06875
2 0.26015625 0.4921875 0.0546875 0.0953125
2 0.271875 0.55625 0.0453125 0.0765625
