2 0.67578125 0.56015625 0.071875 0.171875
0 0.76640625 0.4234375 0.0515625 0.1109375
0 0.046875 0.4109375 0.0375 0.0828125
0 0.41796875 0.3796875 0.05625 0.115625
1 0.9625 0.6140625 0.059375 0.1
0 0.05859375 0.6 0.0359375 0.078125
0 0.0109375 0.60859375 0.021875 0.078125
1 0.1015625 0.446875 0.046875 0.084375
0 0.9875 0.5125 0.025 0.0765625
0 0.6109375 0.65859375 0.059375 0.1375
2 0.04140625 0.56171875 0.025 0.0671875
1 0.928125 0.51015625 0.028125 0.1046875
1 0.4796875 0.46171875 0.071875 0.1234375
0 0.6609375 0.284375 0.0359375 0.059375
