2 0.67109375 0.42734375 0.084375 0.175
0 0.77109375 0.5578125 0.059375 0.1140625
0 0.05390625 0.6203125 0.0421875 0.0859375
0 0.4265625 0.62578125 0.0640625 0.1203125
1 0.953125 0.35390625 0.065625 0.103125
0 0.05234375 0.43125 0.040625 0.0796875
0 0.00859375 0.42578125 0.0171875 0.0796875
1 0.10625 0.58046875 0.0515625 0.0859375
0 0.98515625 0.45390625 0.0296875 0.078125
0 0.59921875 0.334375 0.06875 0.140625
2 0.03828125 0.4703125 0.0296875 0.06875
1 0.9265625 0.46015625 0.034375 0.10625
1 0.48203125 0.53984375 0.08125 0.128125
0 0.67578125 0.70390625 0.040625 0.0609375
