0 0.70625 0.57890625 0.0765625 0.1171875
2 0.7765625 0.42578125 0.1015625 0.14375
1 0.65703125 0.58828125 0.059375 0.1015625
1 0.94609375 0.696875 0.0609375 0.1078125
0 0.74609375 0.94375 0.059375 0.08125
2 0.69140625 0.87109375 0.0796875 0.0953125
2 0.74296875 0.7953125 0.0375 0.0546875
0 0.5109375 0.4953125 0.0703125 0.1125
1 0.43828125 0.47578125 0.1 0.159375
0 0.4234375 0.51640625 0.0546875 0.0921875
1 0.40234375 0.3921875 0.096875 0.1578125
1 0.05625 0.4578125 0.075 0.1359375
2 0.08671875 0.27890625 0.0765625 0.11875
0 0.0140625 0.5375 0.028125 0.065625
0 0.05078125 0.546875 0.0390625 0.0609375
