0 0.3265625 0.42734375 0.04375 0.090625
0 0.940625 0.57578125 0.0296875 0.06875
0 0.97421875 0.51484375 0.0234375 0.04375
0 0.89140625 0.590625 0.03125 0.0890625
1 0.809375 0.5421875 0.040625 0.10625
0 0.52109375 0.48203125 0.040625 0.08125
0 0.91484375 0.5625 0.021875 0.05
0 0.5265625 0.53984375 0.0453125 0.071875
1 0.2671875 0.465625 0.0453125 0.0890625
0 0.8875 0.49140625 0.028125 0.059375
2 0.284375 0.53828125 0.05 0.0734375
0 0.41328125 0.77109375 0.0375 0.075
0 0.0203125 0.4125 0.01875 0.05625
0 0.87265625 0.42421875 0.021875 0.046875
