0 0.7984375 0.8578125 0.0421875 0.065625
0 0.5984375 0.79609375 0.059375 0.0890625
0 0.80078125 0.78671875 0.0703125 0.09375
0 0.6984375 0.51796875 0.0578125 0.084375
0 0.553125 0.57109375 0.065625 0.103125
0 0.46875 0.6171875 0.1 0.159375
0 0.80625 0.46875 0.04375 0.065625
0 0.915625 0.7546875 0.0328125 0.0546875
0 0.95390625 0.73515625 0.0265625 0.0609375
0 0.8515625 0.35859375 0.0328125 0.046875
2 0.52421875 0.79375 0.0984375 0.1515625
1 0.69296875 0.62265625 0.084375 0.1078125
0 0.05078125 0.77421875 0.03125 0.046875
0 0.79609375 0.57109375 0.0671875 0.0921875
0 0.053125 0.684375 0.03125 0.0421875
