2 0.4390625 0.33125 0.07109375 0.1734375
2 0.2765625 0.26171875 0.06484375 0.153125
2 0.10859375 0.41015625 0.04921875 0.11953125
1 0.7609375 0.521875 0.04921875 0.13046875
1 0.35234375 0.50234375 0.05234375 0.12109375
1 0.43671875 0.47421875 0.05859375 0.121875
0 0.1859375 0.578125 0.0328125 0.06796875
0 0.38515625 0.44296875 0.04453125 0.0921875
0 0.3078125 0.71328125 0.02578125 0.05625
2 0.13984375 0.3578125 0.02421875 0.11171875
0 0.8109375 0.62734375 0.04609375 0.09765625
0 0.89140625 0.41796875 0.04296875 0.078125
0 0.25234375 0.50859375 0.03125 0.06171875
1 0.96796875 0.465625 0.0390625 0.10703125
