2 0.80859375 0.37421875 0.078125 0.13125
2 0.64296875 0.26953125 0.084375 0.1609375
2 0.371875 0.38046875 0.078125 0.1515625
1 0.66484375 0.5140625 0.059375 0.128125
1 0.94375 0.56640625 0.0546875 0.1078125
0 0.08984375 0.5 0.034375 0.0703125
2 0.42890625 0.3296875 0.0671875 0.1390625
0 0.78203125 0.475 0.05 0.0828125
0 0.6703125 0.72578125 0.0375 0.0703125
1 0.7359375 0.51171875 0.059375 0.0984375
0 0.425 0.5765625 0.053125 0.0921875
0 0.04375 0.35390625 0.065625 0.1078125
0 0.975 0.6484375 0.028125 0.0703125
