1 0.75859375 0.55625 0.0671875 0.134375
2 0.55 0.81640625 0.0828125 0.1359375
2 0.93203125 0.44921875 0.034375 0.0859375
0 0.56484375 0.6953125 0.0609375 0.0921875
2 0.6109375 0.3625 0.0828125 0.1515625
1 0.91875 0.5453125 0.053125 0.1078125
2 0.23046875 0.68671875 0.06875 0.1328125
0 0.95859375 0.47890625 0.046875 0.103125
0 0.4421875 0.3265625 0.04375 0.0734375
0 0.18359375 0.64609375 0.05625 0.10625
0 0.94765625 0.76640625 0.0671875 0.084375
1 0.94765625 0.76640625 0.0671875 0.084375
2 0.98125 0.63828125 0.0375 0.1296875
