2 0.9640625 0.4765625 0.034375 0.0640625
2 0.865625 0.384375 0.0421875 0.0796875
2 0.9375 0.3859375 0.0234375 0.0609375
1 0.8234375 0.33671875 0.034375 0.05625
0 0.7203125 0.3890625 0.021875 0.040625
1 0.73046875 0.5078125 0.0453125 0.0796875
0 0.67421875 0.46484375 0.040625 0.0734375
2 0.62109375 0.51953125 0.0578125 0.0984375
2 0.51953125 0.459375 0.0453125 0.084375
0 0.6015625 0.36171875 0.0296875 0.0578125
0 0.53828125 0.3953125 0.0328125 0.0515625
2 0.3453125 0.51484375 0.05 0.0953125
2 0.26640625 0.553125 0.04375 0.0796875
0 0.27265625 0.50703125 0.025 0.0421875
0 0.30234375 0.44375 0.03125 0.05625
0 0.30625 0.37734375 0.0234375 0.0421875
