0 0.2859375 0.67421875 0.065625 0.1125
2 0.3484375 0.646875 0.03671875 0.059375
1 0.390625 0.65 0.04140625 0.08203125
2 0.43203125 0.63515625 0.0390625 0.06171875
1 0.4765625 0.65546875 0.0484375 0.08046875
1 0.403125 0.56015625 0.065625 0.09375
0 0.46171875 0.56953125 0.0515625 0.08125
2 0.503125 0.57109375 0.0359375 0.06484375
0 0.51484375 0.56015625 0.05234375 0.08359375
2 0.56640625 0.58359375 0.03515625 0.05859375
1 0.60703125 0.57265625 0.0390625 0.065625
1 0.6203125 0.56875 0.059375 0.1109375
1 0.66953125 0.56484375 0.04140625 0.07265625
2 0.65390625 0.67421875 0.03359375 0.0609375
2 0.6640625 0.66015625 0.04140625 0.07265625
0 0.75078125 0.55859375 0.06171875 0.08515625
1 0.8265625 0.4875 0.0484375 0.0578125
0 0.87890625 0.52421875 0.0578125 0.09765625
1 0.96796875 0.57578125 0.0546875 0.0703125
1 0.9015625 0.540625 0.05078125 0.0734375