2 0.278125 0.45859375 0.04375 0.08671875
1 0.36640625 0.428125 0.05390625 0.11953125
1 0.503125 0.43203125 0.05078125 0.08046875
0 0.51640625 0.5015625 0.04609375 0.08828125
2 0.490625 0.55859375 0.03125 0.0578125
2 0.71171875 0.29765625 0.03515625 0.07734375
2 0.52421875 0.37734375 0.02890625 0.05234375
0 0.48671875 0.39921875 0.040625 0.05703125
0 0.67265625 0.28359375 0.06640625 0.09453125
0 0.76015625 0.31015625 0.0359375 0.07421875
0 0.88359375 0.15234375 0.05390625 0.07734375
0 0.98359375 0.209375 0.0328125 0.06875
2 0.92265625 0.153125 0.034375 0.05703125
0 0.9875 0.315625 0.02421875 0.053125
0 0.96640625 0.3203125 0.03125 0.0578125
0 0.9265625 0.3453125 0.0390625 0.0640625
0 0.9421875 0.30703125 0.05 0.0796875