1 0.51171875 0.3921875 0.115625 0.16015625
1 0.421875 0.24609375 0.1046875 0.14375
1 0.3 0.3234375 0.06953125 0.11875
1 0.15078125 0.5984375 0.0640625 0.090625
1 0.425 0.390625 0.06953125 0.096875
1 0.0828125 0.6328125 0.04765625 0.07109375
0 0.2484375 0.5734375 0.08515625 0.12890625
2 0.45703125 0.565625 0.0953125 0.1328125
2 0.07421875 0.378125 0.0375 0.05234375
2 0.0640625 0.4828125 0.04375 0.06171875
2 0.0171875 0.509375 0.03125 0.046875
2 0.11015625 0.58359375 0.05546875 0.07890625
2 0.190625 0.61875 0.05546875 0.0765625
2 0.1203125 0.4859375 0.02578125 0.03828125
2 0.153125 0.3640625 0.03515625 0.05703125
2 0.12890625 0.33203125 0.03671875 0.0515625
2 0.1546875 0.27734375 0.025 0.03359375
2 0.04921875 0.321875 0.02421875 0.0296875
2 0.065625 0.34375 0.0265625 0.03203125
2 0.33515625 0.5484375 0.05859375 0.08984375
2 0.38046875 0.53125 0.05 0.0890625
2 0.37109375 0.40625 0.06484375 0.1109375
2 0.44375 0.459375 0.0875 0.10546875
1 0.1640625 0.53671875 0.05859375 0.071875
2 0.19453125 0.56484375 0.03125 0.04453125
2 0.36875 0.06484375 0.0703125 0.10703125
2 0.29375 0.31796875 0.04296875 0.07421875