1 0.209375 0.39375 0.10078125 0.1671875
0 0.32421875 0.2484375 0.1234375 0.22890625
2 0.328125 0.678125 0.1046875 0.2171875
1 0.48515625 0.48828125 0.15078125 0.30625
2 0.6078125 0.7921875 0.07734375 0.16640625
2 0.6171875 0.615625 0.115625 0.21328125
2 0.5953125 0.4625 0.09296875 0.12578125
0 0.6296875 0.37109375 0.12109375 0.1828125
1 0.7578125 0.4125 0.109375 0.18203125
0 0.78984375 0.3640625 0.1328125 0.21953125
1 0.91171875 0.2890625 0.10859375 0.18046875
2 0.865625 0.36640625 0.0703125 0.14296875
1 0.9875 0.28125 0.025 0.175