2 0.11640625 0.46953125 0.1109375 0.21484375
2 0.12734375 0.61875 0.05390625 0.08671875
2 0.1765625 0.65078125 0.05859375 0.1203125
2 0.24375 0.65234375 0.06953125 0.11640625
2 0.24296875 0.521875 0.06796875 0.140625
0 0.32421875 0.4921875 0.13671875 0.27421875
0 0.4 0.51875 0.078125 0.171875
2 0.45546875 0.51875 0.07578125 0.15234375
2 0.496875 0.5921875 0.04765625 0.10078125
2 0.50703125 0.4125 0.06328125 0.11640625
0 0.553125 0.42265625 0.0890625 0.18359375
2 0.6078125 0.4375 0.05078125 0.08984375
2 0.61796875 0.2359375 0.08046875 0.16484375
2 0.61875 0.31953125 0.06484375 0.10390625
2 0.69609375 0.1625 0.07734375 0.13984375
0 0.703125 0.15859375 0.08671875 0.18203125
0 0.6765625 0.25546875 0.10546875 0.23046875
0 0.7625 0.2546875 0.05390625 0.1109375
0 0.77421875 0.328125 0.08984375 0.16015625
0 0.8296875 0.36640625 0.0703125 0.134375
1 0.86953125 0.453125 0.06015625 0.10234375
2 0.8796875 0.33203125 0.059375 0.0921875
2 0.90859375 0.38984375 0.06796875 0.14765625
2 0.93671875 0.48046875 0.05234375 0.090625
2 0.90390625 0.478125 0.03671875 0.0609375
2 0.94765625 0.39375 0.03828125 0.10078125
0 0.97734375 0.4609375 0.0453125 0.14140625
2 0.9859375 0.3421875 0.028125 0.075
2 0.90625 0.21015625 0.053125 0.0953125
2 0.84453125 0.04453125 0.06640625 0.0890625