0 0.00546875 0.575 0.0109375 0.07421875
1 0.01796875 0.515625 0.03515625 0.06953125
1 0.221875 0.52734375 0.04609375 0.06484375
1 0.24296875 0.54140625 0.03671875 0.0625
0 0.359375 0.49609375 0.05546875 0.09296875
1 0.4109375 0.63828125 0.0375 0.06796875
2 0.46015625 0.459375 0.0359375 0.065625
0 0.44453125 0.59375 0.04375 0.075
1 0.5140625 0.56328125 0.04765625 0.08359375
2 0.58359375 0.37578125 0.02265625 0.03515625
2 0.56484375 0.4625 0.02890625 0.059375
2 0.56953125 0.434375 0.03203125 0.0390625
2 0.55703125 0.57578125 0.03671875 0.06484375
2 0.53359375 0.62265625 0.0296875 0.04453125
2 0.5890625 0.62265625 0.01875 0.0328125
2 0.81953125 0.45 0.034375 0.08359375
2 0.83359375 0.38828125 0.01875 0.03828125
0 0.85703125 0.521875 0.0390625 0.0890625
1 0.8890625 0.5203125 0.04609375 0.07421875
0 0.94375 0.5875 0.05234375 0.08828125
1 0.9875 0.5625 0.025 0.071875
1 0.97421875 0.62578125 0.04921875 0.071875
2 0.71875 0.46171875 0.025 0.04296875
0 0.5359375 0.56640625 0.01484375 0.05703125