0 0.79609375 0.63046875 0.04453125 0.0921875
0 0.975 0.54609375 0.03671875 0.0921875
2 0.44921875 0.7578125 0.03359375 0.08671875
0 0.515625 0.55 0.053125 0.125
1 0.234375 0.31953125 0.04921875 0.10546875
0 0.6125 0.56484375 0.05078125 0.1375
2 0.43984375 0.6140625 0.046875 0.09765625
2 0.6640625 0.66171875 0.04453125 0.09453125
1 0.88203125 0.58671875 0.04453125 0.09765625
2 0.84375 0.740625 0.0421875 0.07265625
2 0.1265625 0.40078125 0.03125 0.07578125
2 0.89921875 0.66796875 0.025 0.05078125
2 0.98984375 0.64140625 0.01953125 0.08046875