2 0.040625 0.3609375 0.08125 0.1484375
2 0.28984375 0.4421875 0.05859375 0.1203125
0 0.37109375 0.446875 0.10078125 0.19609375
2 0.43828125 0.34921875 0.05859375 0.11796875
2 0.45078125 0.3828125 0.07578125 0.1828125
2 0.51484375 0.2640625 0.07578125 0.16640625
2 0.5328125 0.2265625 0.08125 0.13046875
2 0.575 0.41953125 0.07265625 0.18359375
2 0.65546875 0.51171875 0.07734375 0.14921875
2 0.6859375 0.4296875 0.071875 0.11796875
2 0.71328125 0.33671875 0.078125 0.15703125
2 0.78984375 0.5140625 0.05859375 0.10625
1 0.9609375 0.31875 0.078125 0.1859375
2 0.984375 0.37890625 0.03125 0.1453125
2 0.0234375 0.4296875 0.046875 0.10078125