1 0.4578125 0.4984375 0.08671875 0.1515625
2 0.6078125 0.70625 0.06953125 0.1328125
2 0.74375 0.70078125 0.04765625 0.06875
2 0.64921875 0.59375 0.04140625 0.08046875
0 0.590625 0.40703125 0.1140625 0.24765625
1 0.6375 0.60390625 0.08984375 0.17265625
2 0.34609375 0.40234375 0.04375 0.128125
2 0.5265625 0.61953125 0.0453125 0.08125
2 0.5375 0.47421875 0.05390625 0.115625
0 0.30390625 0.2328125 0.12890625 0.1921875
2 0.378125 0.39375 0.06875 0.13828125
2 0.4109375 0.434375 0.03046875 0.053125
2 0.19609375 0.0890625 0.05234375 0.07421875
2 0.1984375 0.0328125 0.078125 0.065625