0 0.04140625 0.3796875 0.0828125 0.2
0 0.06640625 0.08671875 0.125 0.1734375
0 0.175 0.3984375 0.0953125 0.14921875
0 0.44609375 0.41875 0.13671875 0.25546875
1 0.29296875 0.5890625 0.12578125 0.23359375
1 0.42578125 0.7046875 0.14140625 0.26015625
2 0.69765625 0.45234375 0.12890625 0.21953125
2 0.67890625 0.8 0.0640625 0.13984375
2 0.51953125 0.9453125 0.0671875 0.109375
2 0.390625 0.46640625 0.1171875 0.23125
2 0.17109375 0.13046875 0.11484375 0.215625
2 0.103125 0.47578125 0.078125 0.10625
2 0.48671875 0.3203125 0.10078125 0.1625