2 0.27578125 0.11875 0.05 0.0953125
2 0.32421875 0.0296875 0.05546875 0.059375
2 0.38046875 0.0875 0.0890625 0.175
2 0.49765625 0.06015625 0.0859375 0.1203125
2 0.4125 0.21171875 0.0625 0.1109375
1 0.353125 0.37265625 0.12734375 0.209375
2 0.4015625 0.49921875 0.0875 0.14765625
1 0.4703125 0.4609375 0.0625 0.17578125
2 0.50546875 0.46015625 0.0984375 0.18671875
1 0.5546875 0.35390625 0.1296875 0.23359375
2 0.86171875 0.60703125 0.05859375 0.0796875
2 0.95859375 0.6828125 0.0828125 0.14765625
2 0.96953125 0.43359375 0.0609375 0.1890625