0 0.21640625 0.71875 0.115625 0.2203125
1 0.3390625 0.26171875 0.12578125 0.23359375
2 0.43515625 0.353125 0.09140625 0.1828125
2 0.303125 0.621875 0.0796875 0.1515625
2 0.515625 0.675 0.065625 0.14453125
2 0.52265625 0.25703125 0.05546875 0.08125
2 0.74609375 0.21796875 0.0765625 0.1421875
2 0.58515625 0.74765625 0.04609375 0.08359375
2 0.6109375 0.68125 0.0859375 0.16953125
2 0.615625 0.6015625 0.04765625 0.071875
2 0.9265625 0.421875 0.05625 0.06640625
2 0.89921875 0.5171875 0.034375 0.0546875
2 0.79921875 0.33203125 0.040625 0.10625
2 0.85546875 0.46015625 0.11640625 0.13359375
2 0.93984375 0.54140625 0.07109375 0.14296875
2 0.9796875 0.59921875 0.040625 0.1578125
2 0.97265625 0.43828125 0.05390625 0.15