2 0.0265625 0.58828125 0.053125 0.10078125
0 0.02734375 0.5984375 0.0546875 0.140625
0 0.0828125 0.52109375 0.1015625 0.1609375
2 0.16875 0.54453125 0.0640625 0.071875
0 0.14921875 0.5703125 0.04375 0.06328125
2 0.25 0.6203125 0.07109375 0.1328125
2 0.30625 0.6046875 0.04765625 0.08671875
0 0.36796875 0.5890625 0.08203125 0.1359375
2 0.36171875 0.4546875 0.04765625 0.0859375
2 0.415625 0.440625 0.05859375 0.103125
2 0.44609375 0.52578125 0.065625 0.12578125
1 0.50390625 0.51796875 0.06796875 0.128125
2 0.50546875 0.42109375 0.06875 0.09609375
2 0.5515625 0.49296875 0.04140625 0.090625
2 0.59765625 0.43125 0.06640625 0.12421875
1 0.6625 0.359375 0.05859375 0.11953125
2 0.71171875 0.36953125 0.0609375 0.09765625
0 0.75 0.35859375 0.08359375 0.14921875
1 0.96328125 0.55078125 0.0734375 0.12578125
2 0.95 0.4640625 0.06953125 0.11484375