2 0.6109375 0.21640625 0.07265625 0.16640625
2 0.6203125 0.49765625 0.08671875 0.1515625
2 0.49921875 0.20390625 0.07421875 0.1359375
2 0.45 0.309375 0.065625 0.09453125
2 0.475 0.34296875 0.09140625 0.14296875
2 0.38203125 0.3921875 0.07578125 0.14765625
1 0.39609375 0.45 0.0796875 0.1046875
2 0.40625 0.5515625 0.05703125 0.11015625
2 0.36796875 0.58984375 0.059375 0.15078125
2 0.328125 0.64765625 0.0296875 0.05859375
2 0.2421875 0.61171875 0.040625 0.075
2 0.309375 0.5640625 0.05625 0.1109375
2 0.09375 0.44453125 0.078125 0.12890625
2 0.0296875 0.4640625 0.059375 0.140625
0 0.09140625 0.378125 0.11328125 0.178125
1 0.50703125 0.71171875 0.09453125 0.15625