0 0.5375 0.36640625 0.10546875 0.1765625
0 0.25390625 0.496875 0.1078125 0.1671875
1 0.3421875 0.5796875 0.0890625 0.1453125
1 0.59609375 0.5234375 0.11640625 0.18515625
2 0.48671875 0.66953125 0.0796875 0.128125
1 0.03515625 0.33984375 0.0703125 0.13359375
2 0.040625 0.27421875 0.04765625 0.06328125
2 0.18671875 0.38984375 0.05390625 0.06484375
2 0.15546875 0.44375 0.0265625 0.05078125
2 0.971875 0.43671875 0.05625 0.2359375
1 0.26171875 0.56796875 0.075 0.07890625
2 0.0234375 0.40078125 0.046875 0.053125