2 0.2515625 0.45 0.0515625 0.1203125
2 0.3125 0.4796875 0.0328125 0.071875
2 0.35 0.60625 0.0578125 0.11953125
2 0.87265625 0.5578125 0.021875 0.0609375
2 0.3140625 0.30546875 0.0515625 0.1140625
2 0.81484375 0.4828125 0.05703125 0.10390625
2 0.9796875 0.4375 0.0296875 0.06328125
2 0.778125 0.16953125 0.03125 0.05625
2 0.8421875 0.24296875 0.03828125 0.07578125
2 0.690625 0.2296875 0.03828125 0.090625
0 0.4015625 0.52578125 0.06484375 0.153125
2 0.61875 0.2625 0.0328125 0.06875
2 0.3671875 0.45859375 0.03671875 0.06953125
0 0.884375 0.25390625 0.05078125 0.103125
2 0.92109375 0.29921875 0.03359375 0.053125