0 0.046875 0.16171875 0.0484375 0.0484375
0 0.1796875 0.2078125 0.0421875 0.040625
0 0.13046875 0.3015625 0.05234375 0.071875
0 0.14375 0.43515625 0.0390625 0.04375
0 0.1453125 0.46640625 0.05234375 0.06328125
0 0.19765625 0.4359375 0.0734375 0.08359375
1 0.2421875 0.4078125 0.07890625 0.1078125
0 0.24921875 0.3953125 0.0265625 0.02578125
0 0.228125 0.4046875 0.0265625 0.02734375
0 0.3546875 0.44375 0.04375 0.05390625
0 0.37734375 0.465625 0.0453125 0.05703125
0 0.41484375 0.428125 0.06640625 0.090625
1 0.590625 0.42265625 0.0546875 0.06796875
2 0.65390625 0.41875 0.07734375 0.0984375
0 0.809375 0.31484375 0.0375 0.04453125
0 0.8515625 0.3421875 0.05625 0.07109375
0 0.97734375 0.47734375 0.03515625 0.03359375
0 0.828125 0.50390625 0.04765625 0.078125
1 0.8765625 0.5046875 0.08515625 0.09375
2 0.9203125 0.41640625 0.08828125 0.0890625
2 0.93515625 0.3703125 0.09609375 0.11015625
0 0.965625 0.43828125 0.06875 0.0703125
