0 0.3671875 0.31171875 0.0640625 0.125
0 0.375 0.42421875 0.040625 0.06796875
2 0.41171875 0.425 0.059375 0.12265625
1 0.45703125 0.40859375 0.059375 0.1078125
2 0.52421875 0.3984375 0.0828125 0.1640625
0 0.84140625 0.35078125 0.0296875 0.06015625
0 0.88046875 0.32421875 0.04609375 0.0828125
0 0.9203125 0.4140625 0.053125 0.09765625
2 0.94921875 0.52421875 0.0765625 0.10859375
0 0.0328125 0.04375 0.05 0.084375
0 0.390625 0.48203125 0.01796875 0.02734375
0 0.415625 0.459375 0.02109375 0.021875
0 0.96875 0.33515625 0.021875 0.03203125
