1 0.3765625 0.3921875 0.10390625 0.21953125
0 0.29140625 0.38125 0.0765625 0.14765625
0 0.5140625 0.37734375 0.0875 0.18125
0 0.5046875 0.528125 0.06015625 0.115625
0 0.44921875 0.43515625 0.08828125 0.1515625
0 0.390625 0.49453125 0.04140625 0.0703125
0 0.796875 0.4609375 0.06875 0.115625
0 0.85703125 0.46796875 0.06015625 0.09453125
0 0.88203125 0.37421875 0.0921875 0.1140625
1 0.9546875 0.2796875 0.090625 0.259375
2 0.52890625 0.5 0.109375 0.21796875
2 0.4859375 0.26328125 0.13359375 0.14453125
