1 0.3671875 0.66875 0.096875 0.165625
1 0.5234375 0.57578125 0.0984375 0.1828125
0 0.46640625 0.27265625 0.08515625 0.1734375
0 0.58828125 0.2671875 0.07734375 0.153125
0 0.70859375 0.08203125 0.08515625 0.12421875
0 0.78359375 0.15703125 0.0734375 0.1109375
1 0.71953125 0.303125 0.103125 0.14140625
2 0.7953125 0.46953125 0.12578125 0.2421875
2 0.9078125 0.57578125 0.115625 0.184375
2 0.9203125 0.43984375 0.11171875 0.1375
2 0.97421875 0.5421875 0.05078125 0.1390625
0 0.6921875 0.5078125 0.034375 0.09453125
0 0.73203125 0.49140625 0.06171875 0.13828125
0 0.81171875 0.640625 0.08203125 0.128125
0 0.83515625 0.5421875 0.059375 0.09296875
