2 0.05390625 0.44140625 0.1078125 0.1515625
2 0.09296875 0.59140625 0.115625 0.18984375
0 0.01796875 0.6078125 0.0359375 0.128125
1 0.02890625 0.64609375 0.0578125 0.11640625
0 0.12421875 0.67578125 0.059375 0.1109375
1 0.190625 0.61484375 0.0765625 0.15234375
2 0.26328125 0.61171875 0.11328125 0.19296875
2 0.5203125 0.690625 0.10390625 0.1875
1 0.69453125 0.74609375 0.103125 0.1953125
0 0.74453125 0.77578125 0.065625 0.13828125
2 0.80703125 0.7015625 0.1328125 0.2640625
0 0.975 0.7703125 0.05 0.18203125
