2 0.25390625 0.0828125 0.109375 0.16484375
2 0.47265625 0.2125 0.08203125 0.2
2 0.62890625 0.25078125 0.07578125 0.1765625
2 0.77109375 0.321875 0.0625 0.1171875
1 0.39296875 0.2421875 0.08046875 0.19296875
1 0.56640625 0.3515625 0.07265625 0.1375
1 0.79453125 0.4046875 0.04453125 0.084375
1 0.86875 0.3796875 0.04296875 0.0921875
1 0.9421875 0.534375 0.053125 0.0859375
0 0.46484375 0.196875 0.046875 0.0828125
0 0.6734375 0.37578125 0.03359375 0.0515625
0 0.75390625 0.47265625 0.0375 0.08125
0 0.83359375 0.4078125 0.03671875 0.0859375
0 0.8890625 0.28203125 0.03984375 0.084375
1 0.73203125 0.29140625 0.06015625 0.115625
0 0.9640625 0.25625 0.0421875 0.071875
2 0.80703125 0.33671875 0.028125 0.05078125
0 0.86328125 0.42109375 0.03203125 0.04921875
0 0.93359375 0.478125 0.04296875 0.0390625
1 0.9953125 0.54609375 0.009375 0.0484375
