2 0.3859375 0.44453125 0.17890625 0.2359375
2 0.7234375 0.403125 0.121875 0.14765625
2 0.60859375 0.47421875 0.13125 0.20546875
2 0.89375 0.46875 0.0703125 0.103125
1 0.51875 0.53125 0.1296875 0.1875
1 0.69375 0.54765625 0.07578125 0.13203125
1 0.859375 0.45625 0.0765625 0.09765625
1 0.93984375 0.4390625 0.04453125 0.07421875
1 0.9765625 0.52578125 0.046875 0.06796875
0 0.95234375 0.321875 0.04375 0.07109375
0 0.82421875 0.578125 0.05546875 0.0546875
0 0.8296875 0.5296875 0.05 0.053125
0 0.6375 0.509375 0.071875 0.1
1 0.86015625 0.3953125 0.0890625 0.05078125
0 0.9703125 0.48046875 0.04296875 0.03046875
