1 0.3078125 0.55390625 0.115625 0.190625
1 0.50859375 0.484375 0.140625 0.19765625
1 0.5640625 0.66015625 0.1296875 0.2
1 0.984375 0.6328125 0.03125 0.20390625
0 0.946875 0.84296875 0.10546875 0.234375
0 0.97109375 0.9390625 0.0578125 0.121875
0 0.90859375 0.96640625 0.1078125 0.0671875
0 0.21640625 0.075 0.07109375 0.1328125
0 0.35703125 0.115625 0.11171875 0.1984375
0 0.384375 0.06328125 0.05625 0.1265625
0 0.4359375 0.06484375 0.084375 0.1296875
0 0.6140625 0.09921875 0.07421875 0.13515625
0 0.5609375 0.059375 0.08828125 0.11875
0 0.5046875 0.06953125 0.07578125 0.0984375
0 0.490625 0.02265625 0.071875 0.0453125
0 0.51015625 0.2203125 0.13046875 0.24296875
