1 0.7015625 0.5625 0.090625 0.13125
0 0.028125 0.434375 0.05078125 0.16640625
0 0.22421875 0.28125 0.0984375 0.16640625
0 0.47890625 0.34375 0.084375 0.15078125
0 0.53203125 0.36484375 0.06796875 0.13515625
0 0.6421875 0.22734375 0.07890625 0.1078125
0 0.6203125 0.415625 0.10546875 0.11171875
1 0.553125 0.52265625 0.09609375 0.15078125
0 0.91796875 0.8 0.06796875 0.08515625
0 0.97421875 0.253125 0.0515625 0.103125
0 0.97265625 0.50390625 0.0546875 0.11484375
0 0.96796875 0.71484375 0.0578125 0.08984375
1 0.9703125 0.7984375 0.059375 0.08984375
