2 0.3296875 0.690625 0.12734375 0.22734375
2 0.22421875 0.62421875 0.125 0.22421875
2 0.5140625 0.5671875 0.10078125 0.20625
1 0.440625 0.37421875 0.10625 0.1109375
2 0.96640625 0.5140625 0.0671875 0.13125
0 0.9609375 0.33671875 0.078125 0.1421875
0 0.75 0.5171875 0.10703125 0.178125
0 0.81875 0.73125 0.06953125 0.11796875
0 0.60625 0.53828125 0.08671875 0.13984375
0 0.215625 0.39140625 0.09765625 0.184375
0 0.14765625 0.1296875 0.10234375 0.18671875
0 0.365625 0.3359375 0.05546875 0.08984375
1 0.43671875 0.4796875 0.08046875 0.1625
0 0.5921875 0.63359375 0.0703125 0.1453125
0 0.9875 0.6171875 0.02421875 0.1171875
0 0.96484375 0.43828125 0.0703125 0.0984375
