2 0.41953125 0.58671875 0.03125 0.05390625
2 0.56484375 0.53671875 0.0234375 0.04453125
2 0.425 0.41171875 0.04453125 0.08125
2 0.5421875 0.5453125 0.02109375 0.04140625
2 0.59453125 0.4921875 0.02265625 0.0390625
2 0.59453125 0.421875 0.02421875 0.0421875
0 0.50703125 0.446875 0.03203125 0.06796875
0 0.52421875 0.253125 0.02890625 0.03671875
1 0.1390625 0.1703125 0.0734375 0.12890625
2 0.49375 0.4421875 0.0421875 0.1
1 0.546875 0.43203125 0.015625 0.025
0 0.54140625 0.496875 0.01640625 0.0265625
0 0.54765625 0.22578125 0.01640625 0.02578125
2 0.6296875 0.47421875 0.015625 0.02578125
