0 0.05390625 0.71328125 0.10625 0.19296875
2 0.2046875 0.37578125 0.153125 0.246875
2 0.56640625 0.40703125 0.14296875 0.2546875
2 0.34609375 0.4390625 0.1125 0.21640625
2 0.4625 0.0921875 0.15703125 0.17890625
0 0.12734375 0.5859375 0.0875 0.11640625
2 0.84375 0.396875 0.034375 0.05546875
2 0.49765625 0.575 0.028125 0.06171875
1 0.0296875 0.42421875 0.0265625 0.0359375
1 0.78046875 0.40546875 0.02421875 0.0421875
1 0.4765625 0.565625 0.0265625 0.05703125
1 0.26953125 0.45859375 0.021875 0.040625
1 0.19609375 0.5375 0.02265625 0.03828125
