2 0.403125 0.30234375 0.11171875 0.2125
2 0.49609375 0.32109375 0.08359375 0.1640625
2 0.44921875 0.62265625 0.0671875 0.1234375
1 0.50703125 0.6703125 0.05078125 0.10078125
0 0.63125 0.3828125 0.071875 0.13125
2 0.65390625 0.56015625 0.06015625 0.11171875
2 0.70625 0.48671875 0.05 0.08984375
2 0.684375 0.53203125 0.03515625 0.0890625
2 0.83984375 0.4671875 0.05546875 0.1
0 0.88984375 0.28125 0.0515625 0.0671875
0 0.74296875 0.33046875 0.046875 0.065625
2 0.8015625 0.4421875 0.034375 0.05859375
0 0.9453125 0.23984375 0.0515625 0.071875
2 0.76953125 0.45703125 0.021875 0.0578125
1 0.75703125 0.45390625 0.03046875 0.04609375
