0 0.6734375 0.57265625 0.04296875 0.08984375
0 0.059375 0.42421875 0.0296875 0.06875
0 0.02578125 0.48515625 0.0234375 0.04296875
0 0.10859375 0.409375 0.03203125 0.0890625
1 0.190625 0.4578125 0.04140625 0.10546875
0 0.47890625 0.51796875 0.03984375 0.08046875
0 0.08515625 0.4375 0.02265625 0.04921875
0 0.4734375 0.46015625 0.0453125 0.07109375
1 0.7328125 0.534375 0.0453125 0.0890625
0 0.1125 0.50859375 0.028125 0.05859375
2 0.715625 0.46171875 0.04921875 0.0734375
0 0.58671875 0.22890625 0.0375 0.07421875
0 0.9796875 0.5875 0.01875 0.05546875
0 0.12734375 0.57578125 0.02265625 0.04609375
