2 0.74140625 0.20703125 0.175 0.196875
0 0.815625 0.30390625 0.0703125 0.10546875
2 0.56875 0.2921875 0.14140625 0.1765625
2 0.35625 0.52265625 0.18046875 0.23984375
2 0.2203125 0.646875 0.1625 0.209375
2 0.09296875 0.64765625 0.11171875 0.18125
1 0.04609375 0.6765625 0.08828125 0.11484375
0 0.646875 0.68359375 0.12109375 0.14296875
2 0.73203125 0.69609375 0.10390625 0.1953125
0 0.69296875 0.51171875 0.07890625 0.1203125
1 0.7609375 0.47578125 0.1015625 0.18515625
0 0.82578125 0.465625 0.12578125 0.16875
0 0.8875 0.6078125 0.13671875 0.14296875
2 0.99140625 0.4046875 0.0171875 0.075
