2 0.534375 0.291406 0.096875 0.214062
2 0.408594 0.696875 0.076563 0.112500
2 0.451562 0.520312 0.084375 0.165625
2 0.639062 0.692969 0.121875 0.192188
0 0.715625 0.749219 0.078125 0.110937
1 0.627344 0.753125 0.104688 0.190625
1 0.370312 0.535937 0.081250 0.140625
1 0.390625 0.340625 0.087500 0.156250
0 0.457813 0.304688 0.059375 0.128125
0 0.215625 0.344531 0.087500 0.151562
0 0.283594 0.369531 0.057813 0.104688
0 0.332813 0.410938 0.050000 0.103125
0 0.291406 0.211719 0.035937 0.067187
0 0.122656 0.339844 0.042188 0.060937
2 0.014063 0.346094 0.025000 0.110937
0 0.015625 0.289062 0.028125 0.059375
0 0.022656 0.247656 0.035937 0.057813
2 0.383594 0.439844 0.051562 0.057813
2 0.397656 0.567187 0.042188 0.065625
