1 0.309615 0.093607 0.103846 0.182648
1 0.548077 0.116438 0.078205 0.123288
1 0.625641 0.186073 0.087179 0.166667
1 0.766026 0.069635 0.111538 0.130137
1 0.194872 0.873288 0.069231 0.130137
1 0.344231 0.762557 0.065385 0.123288
1 0.905769 0.335616 0.114103 0.223744
1 0.471795 0.932648 0.064103 0.111872
1 0.430128 0.869863 0.029487 0.082192
1 0.414744 0.968037 0.042308 0.063927
1 0.342308 0.746575 0.056410 0.086758
1 0.296154 0.815068 0.028205 0.082192
1 0.340385 0.864155 0.052564 0.111872
1 0.247436 0.485160 0.043590 0.107306
0 0.564103 0.489726 0.041026 0.107306
0 0.784615 0.657534 0.061538 0.155251
2 0.896154 0.678082 0.123077 0.283105
2 0.771795 0.666667 0.123077 0.260274
2 0.658333 0.654110 0.106410 0.180365
2 0.823077 0.270548 0.071795 0.198630
2 0.934615 0.470320 0.087179 0.182648
2 0.644872 0.829909 0.102564 0.239726
2 0.514744 0.625571 0.080769 0.141553
1 0.285256 0.571918 0.060256 0.130137
1 0.732692 0.181507 0.124359 0.226027
1 0.519872 0.892694 0.070513 0.191781
