0 0.505625 0.202936 0.081250 0.119171
0 0.327500 0.426598 0.071250 0.096718
0 0.609688 0.575130 0.078125 0.112263
0 0.845313 0.563903 0.080625 0.132988
0 0.649062 0.679188 0.074375 0.099309
0 0.664375 0.811744 0.043750 0.070812
0 0.592187 0.738342 0.058125 0.075993
0 0.546562 0.777202 0.053125 0.086356
0 0.487812 0.347582 0.059375 0.052677
0 0.702187 0.492660 0.046875 0.068221
0 0.726562 0.594560 0.050625 0.092401
1 0.601875 0.152850 0.121250 0.164076
1 0.470000 0.668826 0.088750 0.087219
1 0.459062 0.756045 0.096875 0.106218
1 0.591562 0.435665 0.071875 0.111399
2 0.710000 0.358808 0.131250 0.171848
2 0.946250 0.343264 0.107500 0.213299
2 0.778438 0.497409 0.104375 0.164076
2 0.422187 0.561313 0.071875 0.120898
2 0.499375 0.629534 0.076250 0.132988
