0 0.53671875 0.2796875 0.07109375 0.14140625
0 0.634375 0.2875 0.06875 0.12578125
0 0.79609375 0.1390625 0.06875 0.096875
0 0.82109375 0.20703125 0.0625 0.0546875
0 0.75703125 0.49453125 0.05546875 0.1109375
0 0.71484375 0.51015625 0.03125 0.071875
0 0.8265625 0.6296875 0.0734375 0.11796875
0 0.85859375 0.5546875 0.02421875 0.05859375
1 0.4390625 0.640625 0.08359375 0.16484375
1 0.584375 0.56171875 0.08515625 0.1640625
2 0.74765625 0.31796875 0.08671875 0.125
2 0.8171875 0.4734375 0.10859375 0.21171875
2 0.9171875 0.5734375 0.09609375 0.16015625
2 0.97578125 0.55 0.04765625 0.1109375
2 0.92421875 0.4375 0.1140625 0.10625
