2 0.243164 0.332682 0.078125 0.128906
2 0.407227 0.386068 0.072266 0.123698
2 0.354004 0.569010 0.094727 0.114583
2 0.447266 0.573568 0.074219 0.115885
2 0.514160 0.617839 0.073242 0.079427
2 0.956543 0.198568 0.038086 0.058594
0 0.349609 0.063151 0.050781 0.071615
0 0.187500 0.192708 0.048828 0.070312
0 0.314453 0.248698 0.044922 0.109375
0 0.460938 0.210286 0.037109 0.092448
0 0.571777 0.529948 0.041992 0.059896
0 0.464844 0.537109 0.046875 0.076823
1 0.546387 0.818359 0.045898 0.061198
0 0.491699 0.770182 0.038086 0.058594
2 0.529297 0.402344 0.058594 0.111979
0 0.448242 0.052734 0.041016 0.063802
