0 0.07578125 0.721875 0.08515625 0.1421875
2 0.2296875 0.55546875 0.13046875 0.24453125
0 0.3484375 0.55546875 0.09609375 0.2046875
0 0.45234375 0.4015625 0.09140625 0.184375
2 0.51875 0.228125 0.1140625 0.209375
2 0.5859375 0.28203125 0.1109375 0.2140625
0 0.553125 0.43125 0.0828125 0.16015625
0 0.584375 0.48125 0.053125 0.14140625
0 0.6375 0.52734375 0.06953125 0.1546875
0 0.7109375 0.47109375 0.08125 0.1359375
0 0.79296875 0.30703125 0.11484375 0.225
1 0.6984375 0.378125 0.09765625 0.12109375
2 0.9078125 0.28203125 0.10234375 0.1703125
0 0.9625 0.371875 0.06796875 0.11171875
1 0.478125 0.3515625 0.0828125 0.203125
