2 0.528750 0.742917 0.055833 0.064167
2 0.561250 0.766667 0.039167 0.043333
1 0.240833 0.697083 0.056667 0.049167
1 0.243750 0.655833 0.042500 0.051667
1 0.367917 0.637500 0.037500 0.043333
1 0.595417 0.787500 0.037500 0.066667
0 0.631250 0.789167 0.019167 0.048333
0 0.873750 0.873750 0.027500 0.034167
0 0.885417 0.899167 0.034167 0.045000
1 0.717500 0.745833 0.050000 0.051667
1 0.915000 0.928333 0.058333 0.033333
1 0.928750 0.963333 0.039167 0.043333
1 0.366250 0.601250 0.035833 0.032500
2 0.296667 0.671250 0.050000 0.069167
2 0.331667 0.632083 0.035000 0.064167
2 0.396667 0.645833 0.035000 0.053333
2 0.618750 0.710833 0.030833 0.048333
2 0.811667 0.319583 0.035000 0.065833
2 0.852500 0.348333 0.040000 0.056667
0 0.873750 0.820000 0.050833 0.038333
