2 0.620385 0.365586 0.108462 0.114017
2 0.694615 0.621339 0.092308 0.110879
0 0.600769 0.473326 0.073846 0.091004
0 0.547308 0.594665 0.071538 0.111925
0 0.626538 0.771444 0.076154 0.095188
0 0.712308 0.493201 0.101538 0.118201
1 0.437308 0.426255 0.085385 0.107741
0 0.516923 0.485879 0.046154 0.061715
2 0.522692 0.415272 0.085385 0.104603
0 0.570769 0.461297 0.056923 0.089958
2 0.627692 0.540795 0.100000 0.119247
2 0.629231 0.759414 0.101538 0.123431
0 0.627308 0.644351 0.062308 0.077406
0 0.721538 0.607218 0.073846 0.118201
0 0.671923 0.672594 0.046923 0.046025
0 0.395769 0.447699 0.040769 0.064854
0 0.534231 0.295502 0.053077 0.082636
0 0.593462 0.283996 0.030000 0.034519
0 0.468462 0.337866 0.029231 0.046025
0 0.441154 0.359833 0.031538 0.027197
