0 0.0375 0.340625 0.07421875 0.1515625
0 0.1 0.3390625 0.046875 0.07890625
0 0.36171875 0.0328125 0.0953125 0.065625
0 0.3921875 0.3671875 0.0640625 0.15546875
0 0.403125 0.42578125 0.05390625 0.10625
1 0.453125 0.24765625 0.0921875 0.134375
2 0.4921875 0.428125 0.13671875 0.26328125
0 0.4921875 0.596875 0.05390625 0.0890625
1 0.58984375 0.52265625 0.10234375 0.19140625
2 0.578125 0.58046875 0.10703125 0.20078125
0 0.6578125 0.5453125 0.059375 0.1171875
0 0.85625 0.57578125 0.0671875 0.1203125
0 0.9296875 0.28515625 0.084375 0.1359375
0 0.603125 0.6421875 0.0296875 0.04296875
