2 0.611667 0.536250 0.035000 0.067500
2 0.633750 0.593750 0.045833 0.072500
2 0.692500 0.568125 0.038333 0.056250
2 0.439167 0.744375 0.045000 0.076250
2 0.405833 0.709375 0.046667 0.076250
2 0.331667 0.657500 0.028333 0.040000
2 0.365417 0.661875 0.034167 0.061250
2 0.383750 0.440625 0.027500 0.058750
2 0.201667 0.564375 0.043333 0.058750
2 0.123333 0.586250 0.050000 0.070000
2 0.158333 0.753750 0.040000 0.072500
2 0.238750 0.685000 0.025833 0.052500
2 0.579583 0.625625 0.047500 0.073750
2 0.545000 0.648125 0.045000 0.058750
