2 0.525 0.65625 0.10859375 0.153125
2 0.62890625 0.56953125 0.1078125 0.1546875
0 0.51875 0.37421875 0.0578125 0.07265625
0 0.40546875 0.3609375 0.08515625 0.12578125
0 0.3265625 0.39921875 0.0640625 0.09921875
0 0.0671875 0.459375 0.04140625 0.05078125
0 0.17734375 0.34609375 0.028125 0.04375
0 0.3125 0.0921875 0.0703125 0.1046875
0 0.2515625 0.0609375 0.065625 0.09375
0 0.21171875 0.0171875 0.0390625 0.034375
0 0.3046875 0.15078125 0.0859375 0.1359375
0 0.1578125 0.13984375 0.0546875 0.07890625
0 0.0734375 0.425 0.04453125 0.05390625
1 0.09296875 0.41640625 0.04921875 0.0734375
0 0.01328125 0.42421875 0.0265625 0.04921875
0 0.028125 0.403125 0.040625 0.05234375
0 0.01640625 0.3546875 0.0328125 0.03828125
0 0.03203125 0.3171875 0.03515625 0.04453125
0 0.0640625 0.35546875 0.04375 0.04296875
1 0.0765625 0.30703125 0.04296875 0.0515625
0 0.05390625 0.16328125 0.034375 0.0515625
0 0.03984375 0.22734375 0.03203125 0.03984375
0 0.034375 0.2796875 0.0375 0.03515625
0 0.09921875 0.34375 0.04296875 0.0625
1 0.040625 0.34296875 0.0359375 0.05625
