1 0.610313 0.121003 0.069375 0.105445
1 0.473125 0.079948 0.075000 0.121867
1 0.425000 0.710890 0.060000 0.102852
1 0.366563 0.690579 0.061875 0.101988
1 0.354687 0.791703 0.091875 0.088159
1 0.559063 0.710026 0.079375 0.104581
1 0.881875 0.794728 0.073750 0.114952
2 0.652188 0.365601 0.114375 0.183232
2 0.505938 0.458081 0.108125 0.155575
2 0.107813 0.695333 0.160625 0.187554
2 0.121563 0.845290 0.145625 0.171132
2 0.238125 0.830596 0.091250 0.167675
2 0.265625 0.677615 0.125000 0.205704
2 0.210625 0.534140 0.137500 0.186690
2 0.349062 0.065255 0.120625 0.127053
1 0.538125 0.336214 0.071250 0.081245
2 0.498125 0.601556 0.095000 0.164218
1 0.418750 0.609334 0.065000 0.110631
