2 0.469687 0.411714 0.075625 0.098191
2 0.545312 0.419466 0.073125 0.106804
2 0.514687 0.505599 0.085625 0.089578
2 0.456562 0.530577 0.080625 0.082687
2 0.534375 0.615848 0.088750 0.096469
2 0.604375 0.549526 0.075000 0.091301
2 0.611563 0.455211 0.066875 0.099053
2 0.598437 0.323428 0.065625 0.071490
2 0.683438 0.339363 0.064375 0.089578
2 0.686562 0.424203 0.063125 0.086994
2 0.683438 0.506029 0.058125 0.068045
2 0.720000 0.568045 0.076250 0.104220
2 0.747500 0.509905 0.068750 0.079242
2 0.763125 0.485788 0.075000 0.108527
2 0.765625 0.390612 0.098750 0.099053
2 0.763437 0.309647 0.054375 0.080103
2 0.693125 0.274332 0.086250 0.088717
2 0.769062 0.263566 0.055625 0.060293
2 0.824375 0.323428 0.058750 0.088717
2 0.849375 0.590009 0.060000 0.070629
2 0.933125 0.562877 0.071250 0.085271
2 0.839688 0.831611 0.074375 0.130060
2 0.695625 0.870370 0.065000 0.095607
2 0.766875 0.787683 0.085000 0.112834
2 0.710313 0.745478 0.073125 0.095607
2 0.862187 0.734711 0.119375 0.155039
2 0.579063 0.716624 0.081875 0.108527
2 0.524375 0.749354 0.066250 0.094746
2 0.510312 0.815676 0.069375 0.120586
2 0.554375 0.890612 0.103750 0.065461
2 0.592812 0.842808 0.084375 0.136951
2 0.448750 0.758398 0.076250 0.145564
2 0.299375 0.761843 0.095000 0.145564
2 0.216250 0.749354 0.070000 0.103359
2 0.218750 0.852283 0.097500 0.133506
2 0.096250 0.486649 0.058750 0.077519
2 0.127812 0.550818 0.063125 0.121447
2 0.208750 0.617571 0.087500 0.137812
2 0.271250 0.600345 0.078750 0.098191
2 0.276250 0.490095 0.087500 0.106804
2 0.299063 0.302756 0.085625 0.118002
2 0.279687 0.115848 0.061875 0.071490
2 0.486563 0.118863 0.038125 0.065461
2 0.493125 0.066753 0.042500 0.054264
2 0.455625 0.153747 0.056250 0.064599
2 0.732500 0.151593 0.048750 0.091301
2 0.638750 0.094315 0.062500 0.066322
2 0.717812 0.071490 0.040625 0.072351
2 0.963437 0.177003 0.049375 0.054264
2 0.831250 0.103359 0.061250 0.084410
2 0.840000 0.187339 0.053750 0.049096
2 0.901563 0.091301 0.039375 0.068906
2 0.903438 0.162360 0.066875 0.074935
2 0.950313 0.045220 0.079375 0.073213
2 0.901250 0.471146 0.048750 0.105082
2 0.969063 0.496555 0.058125 0.078381
2 0.894062 0.378984 0.058125 0.079242
2 0.953125 0.400947 0.093750 0.121447
2 0.974375 0.283807 0.051250 0.076658
2 0.674687 0.164083 0.075625 0.076658
2 0.613750 0.155900 0.048750 0.089578
2 0.596250 0.059001 0.050000 0.068045
2 0.346562 0.627476 0.081875 0.105943
2 0.338750 0.534453 0.080000 0.097330
2 0.355625 0.454780 0.077500 0.117140
2 0.290938 0.409130 0.069375 0.075797
2 0.350313 0.369509 0.069375 0.093023
2 0.229687 0.436693 0.068125 0.101637
2 0.214375 0.386305 0.067500 0.085271
2 0.203437 0.314815 0.069375 0.078381
2 0.125938 0.403101 0.064375 0.094746
2 0.054375 0.400086 0.075000 0.092162
2 0.032500 0.502153 0.063750 0.096469
2 0.060625 0.568475 0.066250 0.075797
2 0.091250 0.629199 0.076250 0.071490
2 0.070000 0.347115 0.055000 0.070629
2 0.128438 0.322136 0.066875 0.072351
2 0.133437 0.232127 0.068125 0.083549
2 0.076875 0.204134 0.068750 0.068906
2 0.050937 0.251077 0.059375 0.049096
2 0.048125 0.152455 0.053750 0.068906
2 0.109375 0.152455 0.052500 0.065461
2 0.153125 0.177433 0.060000 0.077519
2 0.162500 0.093454 0.053750 0.062877
2 0.120625 0.110680 0.045000 0.057709
2 0.068750 0.100345 0.063750 0.076658
2 0.117188 0.031008 0.048125 0.060293
2 0.075938 0.062446 0.060625 0.043928
2 0.039375 0.032300 0.046250 0.062877
