0 0.95546875 0.4578125 0.0890625 0.18125
0 0.93203125 0.071875 0.1171875 0.1140625
0 0.76015625 0.55234375 0.115625 0.13046875
1 0.725 0.53984375 0.19140625 0.19296875
0 0.63828125 0.4265625 0.165625 0.17734375
0 0.45625 0.29921875 0.10390625 0.1015625
0 0.48515625 0.36875 0.14375 0.14921875
0 0.28984375 0.16484375 0.05234375 0.05390625
0 0.24375 0.7609375 0.096875 0.11875
0 0.31796875 0.675 0.1234375 0.13359375
0 0.33671875 0.62890625 0.14296875 0.14765625
0 0.2296875 0.54140625 0.11015625 0.10390625
0 0.2828125 0.4484375 0.10859375 0.12421875
1 0.1546875 0.49609375 0.13359375 0.1375
1 0.02265625 0.44296875 0.04453125 0.09296875
0 0.16953125 0.3546875 0.1265625 0.159375
0 0.09375 0.3078125 0.0859375 0.10703125
0 0.040625 0.22734375 0.08125 0.08515625
