0 0.027500 0.797045 0.050000 0.075392
0 0.401875 0.795235 0.040000 0.046441
0 0.403750 0.836550 0.038750 0.051870
0 0.266875 0.810917 0.033750 0.031966
0 0.335938 0.782871 0.035625 0.036188
0 0.165937 0.911037 0.076875 0.066948
0 0.106563 0.909831 0.076875 0.045235
0 0.082812 0.873040 0.086875 0.086248
0 0.650000 0.866707 0.052500 0.049457
0 0.558438 0.830519 0.026875 0.028951
0 0.482500 0.818456 0.040000 0.032569
0 0.477187 0.841074 0.034375 0.034379
0 0.440000 0.830820 0.031250 0.024729
0 0.689375 0.925211 0.077500 0.060314
0 0.503125 0.763571 0.066250 0.054282
0 0.453437 0.790109 0.029375 0.036188
0 0.382188 0.765078 0.071875 0.058504
0 0.521875 0.718938 0.038750 0.041013
0 0.576250 0.790109 0.045000 0.047045
0 0.596250 0.830820 0.031250 0.033172
0 0.614375 0.803981 0.028750 0.041013
0 0.790312 0.712907 0.026875 0.027744
0 0.948438 0.742762 0.048125 0.041616
0 0.927813 0.717732 0.035625 0.033776
0 0.905312 0.655006 0.039375 0.039807
0 0.850313 0.631785 0.040625 0.030760
0 0.781563 0.629976 0.026875 0.021110
0 0.799063 0.628770 0.033125 0.031966
0 0.940625 0.555187 0.032500 0.028347
0 0.822500 0.586852 0.031250 0.027744
1 0.745313 0.546743 0.049375 0.056092
1 0.494375 0.533172 0.055000 0.056695
1 0.365625 0.701749 0.067500 0.050060
2 0.102188 0.682147 0.113125 0.095296
2 0.314375 0.644451 0.070000 0.095899
2 0.372812 0.632087 0.055625 0.101327
2 0.580625 0.534982 0.062500 0.082027
2 0.625625 0.665259 0.066250 0.071170
2 0.535312 0.553981 0.034375 0.060917
2 0.504062 0.487636 0.045625 0.036791
1 0.249688 0.741255 0.083125 0.077201
1 0.164062 0.792521 0.090625 0.077201
0 0.425000 0.664656 0.081250 0.071170
2 0.964063 0.519300 0.051875 0.048251
2 0.926875 0.493064 0.037500 0.040410
0 0.894687 0.512063 0.033125 0.036188
2 0.717187 0.532871 0.053125 0.060917
2 0.625625 0.398070 0.031250 0.045838
1 0.725938 0.684861 0.041875 0.053679
1 0.686562 0.681846 0.055625 0.037998
1 0.673750 0.712304 0.046250 0.039807
1 0.704375 0.582931 0.052500 0.044029
