1 0.22109375 0.40234375 0.1234375 0.2328125
0 0.84375 0.36796875 0.08125 0.13359375
0 0.35859375 0.3875 0.090625 0.15390625
0 0.2953125 0.50078125 0.0703125 0.096875
1 0.528125 0.31796875 0.0859375 0.153125
0 0.50078125 0.42265625 0.05625 0.06015625
1 0.55 0.3984375 0.07421875 0.11875
0 0.5890625 0.4109375 0.05859375 0.06328125
0 0.69765625 0.34453125 0.06484375 0.0921875
0 0.75234375 0.39921875 0.08203125 0.128125
0 0.66640625 0.27421875 0.03984375 0.065625
0 0.94296875 0.12265625 0.07265625 0.10234375
