1 0.5453125 0.31015625 0.128125 0.225
1 0.20625 0.49453125 0.13125 0.203125
1 0.3171875 0.20859375 0.109375 0.146875
0 0.02890625 0.22265625 0.05703125 0.1578125
0 0.1515625 0.2140625 0.06484375 0.08828125
0 0.39765625 0.04140625 0.0859375 0.0828125
0 0.41171875 0.115625 0.05234375 0.08515625
0 0.34921875 0.375 0.09296875 0.14453125
0 0.2796875 0.34921875 0.06015625 0.08203125
0 0.37578125 0.54140625 0.1203125 0.17265625
0 0.43984375 0.4609375 0.12109375 0.18515625
0 0.434375 0.31875 0.09921875 0.1546875
0 0.2375 0.5890625 0.08125 0.1265625
1 0.27265625 0.478125 0.040625 0.1484375
1 0.8828125 0.02734375 0.15625 0.0546875
0 0.15625 0.359375 0.06328125 0.0703125
