1 0.32890625 0.471875 0.1703125 0.1859375
1 0.821875 0.14296875 0.1609375 0.20390625
1 0.87421875 0.596875 0.07578125 0.1140625
0 0.93359375 0.115625 0.09921875 0.17265625
0 0.9046875 0.2515625 0.0875 0.1484375
0 0.79140625 0.315625 0.13984375 0.1421875
0 0.64296875 0.4125 0.07890625 0.08828125
0 0.43046875 0.515625 0.11796875 0.128125
0 0.38515625 0.67109375 0.13984375 0.165625
0 0.62578125 0.6921875 0.171875 0.2515625
0 0.73203125 0.8484375 0.15390625 0.21796875
0 0.9640625 0.77734375 0.05703125 0.09453125
0 0.9390625 0.6 0.12109375 0.15234375
0 0.83203125 0.77109375 0.07265625 0.1125
0 0.66484375 0.89375 0.090625 0.08515625
0 0.97578125 0.6875 0.0484375 0.103125
