2 0.8390625 0.41953125 0.12421875 0.21015625
0 0.77265625 0.4671875 0.0796875 0.13359375
0 0.70078125 0.31796875 0.08203125 0.15625
1 0.690625 0.33828125 0.1046875 0.15390625
0 0.715625 0.53515625 0.0734375 0.10859375
0 0.5984375 0.47734375 0.05625 0.09921875
0 0.63828125 0.55859375 0.08671875 0.16796875
0 0.515625 0.5234375 0.0875 0.16484375
0 0.4359375 0.54765625 0.08671875 0.171875
0 0.37734375 0.575 0.08203125 0.1875
1 0.321875 0.35078125 0.11953125 0.24375
0 0.23828125 0.43203125 0.05234375 0.08515625
