0 0.075 0.1609375 0.109375 0.1890625
0 0.11796875 0.19375 0.09921875 0.20390625
0 0.03671875 0.3390625 0.0734375 0.159375
0 0.03125 0.12578125 0.059375 0.2515625
0 0.0703125 0.5765625 0.08359375 0.1515625
0 0.034375 0.77734375 0.0640625 0.1140625
0 0.18515625 0.403125 0.171875 0.28828125
0 0.2921875 0.3 0.11796875 0.23359375
2 0.4359375 0.29921875 0.20859375 0.4484375
0 0.3484375 0.7046875 0.10390625 0.20625
0 0.4484375 0.55546875 0.09765625 0.1171875
1 0.61015625 0.47421875 0.14609375 0.2828125
1 0.86328125 0.23984375 0.165625 0.275
0 0.91484375 0.528125 0.1484375 0.2171875
