1 0.288438 0.661485 0.091875 0.136442
2 0.338438 0.566062 0.081875 0.126943
2 0.425938 0.591969 0.094375 0.170121
0 0.463750 0.710708 0.035000 0.055268
0 0.426875 0.758204 0.035000 0.050086
0 0.588125 0.661917 0.051250 0.085492
0 0.795625 0.542746 0.035000 0.066494
0 0.630625 0.620466 0.041250 0.066494
0 0.668438 0.704663 0.043125 0.065630
0 0.762188 0.678325 0.033125 0.049223
0 0.828750 0.611831 0.032500 0.044041
2 0.933125 0.496114 0.062500 0.078584
2 0.828438 0.500864 0.069375 0.096718
0 0.805000 0.653282 0.031250 0.035406
0 0.826250 0.658463 0.033750 0.052677
1 0.715938 0.633851 0.070625 0.086356
1 0.652500 0.717617 0.060000 0.082902
0 0.701250 0.732297 0.025000 0.031088
0 0.716250 0.734024 0.028750 0.051813
1 0.727812 0.695164 0.046875 0.072539
1 0.792188 0.642487 0.046875 0.069085
1 0.762813 0.578584 0.051875 0.084629
0 0.625625 0.675734 0.032500 0.059585
2 0.555000 0.568653 0.057500 0.135579
2 0.592500 0.558722 0.076250 0.126079
2 0.643437 0.517703 0.064375 0.107945
2 0.695312 0.550518 0.073125 0.118307
2 0.785625 0.528497 0.071250 0.100173
0 0.441563 0.801382 0.031875 0.051813
1 0.528750 0.801813 0.066250 0.092401
1 0.318750 0.781520 0.081250 0.112263
0 0.307812 0.764680 0.046875 0.078584
1 0.405313 0.778066 0.088125 0.132988
1 0.475000 0.775475 0.052500 0.108808
0 0.073438 0.868307 0.079375 0.109672
1 0.092188 0.547064 0.123125 0.151123
0 0.081250 0.632556 0.101250 0.123489
2 0.306250 0.386874 0.096250 0.162349
1 0.895625 0.582902 0.047500 0.070812
1 0.896250 0.498705 0.035000 0.052677
