0 0.309375 0.51484375 0.046875 0.0859375
0 0.40390625 0.609375 0.06484375 0.12265625
1 0.59921875 0.53359375 0.10390625 0.19609375
0 0.6796875 0.51640625 0.05703125 0.10078125
0 0.50859375 0.5390625 0.08828125 0.16640625
1 0.3546875 0.45 0.1 0.18515625
1 0.45859375 0.421875 0.1140625 0.18046875
1 0.94140625 0.43046875 0.1171875 0.1984375
1 0.85234375 0.55078125 0.15703125 0.234375
0 0.0390625 0.3234375 0.078125 0.12421875
0 0.578125 0.51875 0.0515625 0.09453125
0 0.0671875 0.12421875 0.09609375 0.19140625
0 0.021875 0.07265625 0.04375 0.1453125
