0 0.15078125 0.3984375 0.23515625 0.37265625
1 0.66640625 0.7140625 0.05859375 0.10390625
1 0.69375 0.621875 0.03984375 0.0859375
0 0.83671875 0.55390625 0.0296875 0.05390625
2 0.74140625 0.34609375 0.040625 0.0578125
2 0.80546875 0.37578125 0.02734375 0.04921875
2 0.57421875 0.553125 0.2640625 0.43671875
2 0.87265625 0.55546875 0.03671875 0.06328125
0 0.78671875 0.45859375 0.03203125 0.05078125
1 0.77421875 0.51875 0.0390625 0.059375
0 0.76015625 0.3125 0.04921875 0.075
2 0.865625 0.503125 0.025 0.03828125
1 0.83828125 0.32265625 0.02265625 0.0375
