1 0.06171875 0.3046875 0.0546875 0.08359375
1 0.478125 0.2578125 0.05390625 0.096875
2 0.51484375 0.38984375 0.06796875 0.1421875
2 0.18828125 0.17578125 0.06484375 0.10234375
2 0.13359375 0.1671875 0.059375 0.11484375
1 0.1125 0.3078125 0.0234375 0.0453125
2 0.46796875 0.11796875 0.0625 0.0921875
0 0.58359375 0.23359375 0.02578125 0.03984375
0 0.60703125 0.33671875 0.0234375 0.04140625
0 0.02578125 0.28828125 0.03828125 0.06796875
0 0.4171875 0.278125 0.03671875 0.06484375
0 0.2328125 0.25078125 0.040625 0.059375
