1 0.475 0.51015625 0.10703125 0.18203125
0 0.5859375 0.5421875 0.08671875 0.1328125
2 0.54140625 0.33046875 0.109375 0.1984375
2 0.61640625 0.30625 0.07421875 0.2140625
2 0.759375 0.3546875 0.03515625 0.06796875
2 0.79453125 0.33359375 0.03046875 0.05234375
2 0.9046875 0.27890625 0.02890625 0.04375
2 0.815625 0.34453125 0.02421875 0.0453125
1 0.82109375 0.30859375 0.01171875 0.021875
2 0.77109375 0.28046875 0.0125 0.0296875
1 0.81171875 0.26015625 0.015625 0.021875
2 0.8015625 0.2203125 0.015625 0.025
2 0.86875 0.22578125 0.01953125 0.03515625
2 0.7015625 0.26796875 0.0171875 0.03046875
1 0.76015625 0.1953125 0.01484375 0.02578125
0 0.915625 0.221875 0.0265625 0.04140625
1 0.71328125 0.2765625 0.01484375 0.02734375
0 0.66328125 0.22265625 0.01171875 0.01796875
