2 0.150000 0.728893 0.127500 0.245779
2 0.229375 0.590056 0.123750 0.234522
2 0.221875 0.796435 0.108750 0.189493
2 0.331250 0.760788 0.110000 0.208255
2 0.350625 0.531895 0.121250 0.242026
2 0.407500 0.628518 0.107500 0.172608
2 0.499375 0.514071 0.126250 0.236398
2 0.595625 0.692308 0.141250 0.176360
2 0.552500 0.822702 0.120000 0.219512
2 0.468125 0.917448 0.113750 0.157598
2 0.676250 0.941839 0.130000 0.116323
2 0.741250 0.848030 0.135000 0.236398
2 0.667500 0.563790 0.130000 0.223265
2 0.667500 0.273921 0.122500 0.270169
2 0.486875 0.206379 0.126250 0.168856
2 0.420625 0.362101 0.111250 0.247655
2 0.593750 0.132270 0.112500 0.189493
2 0.727500 0.115385 0.145000 0.215760
2 0.862500 0.166979 0.132500 0.172608
2 0.944375 0.228893 0.108750 0.183865
2 0.514375 0.056285 0.111250 0.108818
2 0.854375 0.462477 0.143750 0.174484
2 0.946250 0.433396 0.107500 0.221388
2 0.736250 0.415572 0.115000 0.163227
2 0.561875 0.357411 0.118750 0.234522
2 0.939375 0.073171 0.116250 0.142589
