2 0.201278 0.783439 0.252396 0.369427
2 0.417732 0.653928 0.209265 0.403397
2 0.140575 0.451168 0.230032 0.337580
2 0.236422 0.163482 0.204473 0.322718
2 0.350639 0.400212 0.174121 0.320594
2 0.489617 0.180467 0.209265 0.356688
2 0.541534 0.427813 0.178914 0.324841
2 0.766773 0.446921 0.261981 0.367304
2 0.912939 0.660297 0.158147 0.288747
2 0.936102 0.895966 0.127796 0.208068
2 0.761182 0.822718 0.206070 0.333333
2 0.623802 0.696391 0.206070 0.250531
2 0.885783 0.160297 0.215655 0.316348
2 0.689297 0.141189 0.193291 0.278132
2 0.491214 0.903397 0.199681 0.171975
