2 0.37734375 0.734375 0.10546875 0.18515625
2 0.08046875 0.6375 0.16015625 0.25078125
1 0.47421875 0.78359375 0.07890625 0.128125
0 0.278125 0.66015625 0.06875 0.09609375
2 0.521875 0.41953125 0.08046875 0.15
2 0.60703125 0.5953125 0.065625 0.1140625
1 0.546875 0.5734375 0.059375 0.11875
0 0.603125 0.53046875 0.07265625 0.11640625
0 0.67421875 0.47421875 0.05390625 0.08203125
2 0.3234375 0.37421875 0.14765625 0.28046875
2 0.41171875 0.4375 0.07734375 0.146875
2 0.68203125 0.634375 0.0328125 0.06484375
