1 0.404615 0.438967 0.107692 0.156808
1 0.568077 0.583568 0.117692 0.141784
1 0.810385 0.540376 0.100769 0.139906
1 0.837692 0.193427 0.129231 0.174648
1 0.775769 0.454460 0.159231 0.185915
2 0.646923 0.368545 0.169231 0.218779
2 0.541538 0.304695 0.163077 0.209390
2 0.399231 0.244131 0.160000 0.197183
2 0.693846 0.154460 0.163077 0.220657
2 0.295769 0.787324 0.162308 0.241315
1 0.425000 0.867136 0.123846 0.102347
1 0.468077 0.727700 0.154615 0.232864
0 0.304615 0.359624 0.093846 0.110798
2 0.544615 0.130516 0.124615 0.161502
1 0.355000 0.552113 0.130000 0.176526
