2 0.148125 0.832500 0.196250 0.288333
2 0.150625 0.547500 0.191250 0.291667
2 0.158125 0.258333 0.191250 0.286667
2 0.155000 0.058333 0.197500 0.113333
2 0.388750 0.085000 0.237500 0.166667
2 0.410625 0.301667 0.213750 0.266667
2 0.397500 0.568333 0.275000 0.266667
2 0.402500 0.825000 0.200000 0.253333
2 0.635625 0.825000 0.208750 0.303333
2 0.657500 0.555833 0.202500 0.235000
2 0.648125 0.290000 0.213750 0.296667
2 0.641875 0.075000 0.218750 0.146667
2 0.856250 0.823333 0.177500 0.280000
2 0.873750 0.556667 0.157500 0.240000
2 0.884375 0.300000 0.153750 0.270000
2 0.895625 0.081667 0.141250 0.160000
