2 0.647070 0.787606 0.103516 0.164195
2 0.478516 0.730932 0.126562 0.152542
1 0.542188 0.835275 0.086719 0.101695
1 0.255859 0.715572 0.118750 0.119703
0 0.296289 0.961864 0.080078 0.076271
0 0.387305 0.779926 0.060547 0.082097
0 0.646289 0.662076 0.052734 0.068856
0 0.719922 0.799258 0.066406 0.105932
0 0.769727 0.825477 0.055859 0.084216
0 0.166602 0.933263 0.169922 0.133475
2 0.472461 0.917903 0.103516 0.163136
2 0.557617 0.963189 0.062109 0.070445
2 0.811719 0.788400 0.040625 0.086335
1 0.777930 0.764301 0.020703 0.048729
