2 0.67578125 0.43984375 0.07265625 0.17109375
0 0.76640625 0.5765625 0.0515625 0.1109375
0 0.046875 0.5890625 0.03671875 0.0828125
0 0.41796875 0.6203125 0.05625 0.11640625
1 0.9625 0.3859375 0.059375 0.09921875
0 0.05859375 0.4 0.0359375 0.078125
0 0.0109375 0.39140625 0.021875 0.07890625
1 0.1015625 0.553125 0.04609375 0.08359375
0 0.9875 0.4875 0.025 0.0765625
0 0.6109375 0.34140625 0.059375 0.13671875
2 0.04140625 0.43828125 0.025 0.0671875
1 0.928125 0.48984375 0.02734375 0.1046875
1 0.4796875 0.53828125 0.07265625 0.1234375
0 0.6609375 0.715625 0.0359375 0.05859375
