2 0.296667 0.672917 0.056667 0.054167
0 0.245417 0.695000 0.045833 0.043333
0 0.249583 0.654167 0.042500 0.040000
0 0.368333 0.637917 0.035000 0.042500
0 0.370833 0.599167 0.035000 0.031667
2 0.394167 0.647917 0.048333 0.044167
2 0.335417 0.625000 0.034167 0.051667
2 0.534583 0.742917 0.065833 0.059167
0 0.714167 0.746667 0.050000 0.043333
0 0.876250 0.818333 0.040833 0.036667
1 0.912917 0.930000 0.039167 0.033333
1 0.926250 0.961250 0.037500 0.035833
1 0.627083 0.789583 0.024167 0.035833
1 0.597500 0.782500 0.038333 0.053333
2 0.562083 0.765833 0.040833 0.043333
2 0.616667 0.706250 0.033333 0.042500
1 0.904583 0.807500 0.030833 0.036667
0 0.877083 0.871667 0.025833 0.028333
1 0.885000 0.895833 0.031667 0.028333
