2 0.545000 0.323034 0.192500 0.174157
2 0.559375 0.496255 0.246250 0.153558
2 0.617500 0.588015 0.180000 0.168539
2 0.462500 0.596442 0.220000 0.174157
2 0.202500 0.615169 0.222500 0.185393
2 0.213125 0.461610 0.196250 0.192884
2 0.184375 0.333333 0.178750 0.172285
2 0.531250 0.159176 0.145000 0.161049
2 0.585000 0.794944 0.260000 0.170412
2 0.689375 0.160112 0.163750 0.147940
2 0.878125 0.171348 0.133750 0.125468
2 0.873750 0.088951 0.157500 0.102996
2 0.866875 0.035581 0.146250 0.067416
2 0.528125 0.041199 0.133750 0.078652
2 0.667500 0.056180 0.177500 0.108614
2 0.346250 0.176966 0.120000 0.121723
2 0.223125 0.197566 0.118750 0.114232
2 0.145000 0.171348 0.100000 0.144195
2 0.259375 0.117978 0.153750 0.108614
2 0.645625 0.426030 0.128750 0.207865
2 0.431875 0.442884 0.163750 0.192884
2 0.408125 0.869850 0.171250 0.230337
2 0.060000 0.627341 0.117500 0.183521
2 0.071875 0.518727 0.141250 0.187266
2 0.060000 0.387640 0.117500 0.134831
2 0.495000 0.117041 0.090000 0.140449
2 0.360625 0.062734 0.153750 0.121723
2 0.856875 0.500936 0.156250 0.290262
2 0.887500 0.423221 0.162500 0.176030
2 0.921875 0.645131 0.156250 0.114232
2 0.872500 0.886704 0.152500 0.147940
2 0.497500 0.914794 0.152500 0.170412
2 0.966875 0.174157 0.066250 0.131086
