2 0.250977 0.328125 0.097656 0.122396
2 0.409180 0.380859 0.091797 0.128906
2 0.510742 0.610677 0.066406 0.117188
2 0.352539 0.565755 0.095703 0.105469
0 0.184082 0.197917 0.041992 0.078125
0 0.347168 0.059896 0.034180 0.062500
0 0.458496 0.209635 0.049805 0.101562
1 0.521484 0.402344 0.052734 0.098958
0 0.318359 0.244141 0.048828 0.097656
0 0.449219 0.056641 0.033203 0.050781
0 0.537598 0.070964 0.022461 0.027344
0 0.567871 0.526693 0.034180 0.048177
0 0.460449 0.534505 0.038086 0.050781
2 0.446777 0.567708 0.077148 0.088542
1 0.538574 0.820312 0.038086 0.054688
