2 0.216406 0.718750 0.117188 0.218750
1 0.339062 0.261719 0.125000 0.232813
0 0.435156 0.353125 0.092188 0.181250
0 0.303125 0.621094 0.081250 0.151562
0 0.515625 0.675000 0.065625 0.143750
0 0.522656 0.256250 0.054688 0.081250
0 0.746094 0.217969 0.076563 0.142187
0 0.585156 0.747656 0.045312 0.082812
1 0.610938 0.681250 0.084375 0.168750
0 0.615625 0.601562 0.046875 0.071875
0 0.926562 0.421875 0.056250 0.065625
0 0.898438 0.517188 0.034375 0.053125
0 0.798438 0.331250 0.040625 0.106250
0 0.855469 0.460156 0.117188 0.132812
0 0.939844 0.541406 0.070312 0.142187
0 0.979688 0.599219 0.040625 0.157812
0 0.972656 0.437500 0.054688 0.150000
