0 0.96875 0.10859375 0.06171875 0.1515625
1 0.9375 0.49609375 0.11640625 0.190625
0 0.88203125 0.6859375 0.04296875 0.078125
0 0.8546875 0.58671875 0.05234375 0.08828125
0 0.77265625 0.2640625 0.04609375 0.07578125
0 0.746875 0.50234375 0.0578125 0.075
0 0.61640625 0.3859375 0.1078125 0.21875
0 0.35625 0.346875 0.10078125 0.2125
0 0.0890625 0.725 0.0953125 0.19140625
0 0.121875 0.603125 0.07734375 0.10546875
0 0.02109375 0.70625 0.0421875 0.25
1 0.0765625 0.52578125 0.13984375 0.24453125
2 0.21171875 0.5390625 0.1421875 0.24609375
2 0.346875 0.56796875 0.13515625 0.2421875
2 0.44921875 0.28828125 0.1453125 0.27421875
2 0.42734375 0.54765625 0.09609375 0.22890625
