2 0.330750 0.353713 0.071500 0.143286
2 0.314500 0.496249 0.062000 0.147787
2 0.228250 0.598275 0.071500 0.195799
2 0.293000 0.635409 0.065000 0.162041
2 0.444750 0.297449 0.049500 0.117779
2 0.373000 0.535634 0.051000 0.139535
2 0.416000 0.628657 0.062000 0.117029
2 0.434750 0.454989 0.051500 0.180795
2 0.487250 0.462116 0.056500 0.136534
2 0.603500 0.584396 0.068000 0.150038
2 0.664500 0.690173 0.068000 0.147037
2 0.722750 0.494374 0.052500 0.124531
2 0.787250 0.632033 0.074500 0.162791
2 0.813750 0.341710 0.060500 0.138785
2 0.781750 0.494749 0.063500 0.125281
1 0.246250 0.265191 0.053500 0.111778
1 0.214750 0.346212 0.039500 0.068267
1 0.197000 0.493248 0.055000 0.149287
1 0.554000 0.416354 0.047000 0.076519
1 0.388250 0.164666 0.042500 0.083271
1 0.476000 0.034509 0.033000 0.058515
1 0.873000 0.136534 0.045000 0.069017
1 0.902250 0.220930 0.046500 0.081770
1 0.916000 0.549512 0.050000 0.089272
