0 0.096875 0.500781 0.075000 0.114062
0 0.182031 0.450781 0.095312 0.173437
2 0.227344 0.472656 0.114062 0.248438
0 0.123438 0.364844 0.081250 0.101562
0 0.334375 0.517188 0.062500 0.121875
1 0.363281 0.444531 0.098437 0.195312
1 0.482812 0.325781 0.096875 0.239063
0 0.536719 0.368750 0.039062 0.103125
0 0.617188 0.596875 0.096875 0.181250
1 0.750781 0.735938 0.095312 0.200000
0 0.679688 0.680469 0.096875 0.192188
0 0.628125 0.717969 0.037500 0.098437
2 0.602344 0.707812 0.029687 0.071875
0 0.445312 0.582031 0.046875 0.070312
