2 0.335625 0.647778 0.222500 0.382222
2 0.394375 0.866111 0.311250 0.267778
2 0.120000 0.872222 0.186250 0.255556
2 0.069687 0.587222 0.134375 0.201111
2 0.547813 0.628333 0.186875 0.290000
2 0.684375 0.802222 0.205000 0.395556
2 0.207813 0.677778 0.119375 0.248889
2 0.753437 0.459444 0.118125 0.174444
2 0.898438 0.746667 0.166875 0.231111
2 0.875938 0.850556 0.248125 0.298889
2 0.572187 0.515000 0.151875 0.190000
2 0.367812 0.386667 0.151875 0.155556
2 0.333437 0.471111 0.131875 0.137778
2 0.088125 0.381667 0.115000 0.143333
2 0.072188 0.760000 0.140625 0.251111
2 0.843750 0.661667 0.196250 0.212222
